1000
0 11 111
1 47 120
2 13 43
3 93 18
4 129 43
5 66 24
6 137 65
7 20 78
8 60 102
9 73 48
10 50 134
11 4 16
12 113 54
13 122 17
14 47 143
15 92 147
16 96 21
17 102 94
18 12 121
19 99 125
20 8 105
21 51 68
22 45 11
23 122 141
24 43 26
25 139 100
26 110 82
27 81 105
28 21 9
29 63 144
30 10 94
31 138 86
32 67 26
33 61 42
34 13 113
35 88 85
36 49 150
37 146 28
38 143 26
39 131 92
40 75 122
41 84 105
42 114 129
43 101 59
44 123 139
45 123 47
46 52 47
47 122 45
48 111 26
49 0 20
50 66 71
51 91 98
52 138 59
53 4 40
54 53 54
55 125 3
56 37 80
57 117 30
58 134 93
59 143 96
60 131 82
61 76 119
62 73 73
63 30 136
64 102 136
65 133 41
66 137 146
67 67 21
68 141 75
69 41 17
70 55 142
71 109 71
72 4 35
73 103 87
74 145 60
75 112 89
76 120 13
77 6 2
78 63 69
79 29 5
80 49 34
81 81 65
82 140 34
83 142 122
84 105 10
85 132 127
86 93 108
87 82 8
88 140 40
89 37 71
90 50 19
91 109 79
92 10 16
93 99 147
94 3 0
95 1 114
96 48 74
97 127 147
98 3 139
99 100 96
100 15 46
101 51 97
102 57 56
103 137 144
104 74 59
105 111 98
106 109 34
107 110 21
108 94 53
109 74 76
110 128 69
111 66 103
112 91 80
113 132 90
114 44 113
115 91 6
116 10 87
117 63 91
118 6 119
119 114 111
120 23 14
121 8 0
122 104 99
123 133 47
124 69 20
125 108 50
126 127 15
127 97 54
128 64 114
129 31 134
130 43 140
131 16 126
132 130 38
133 141 98
134 54 131
135 79 92
136 3 18
137 141 136
138 125 126
139 46 13
140 53 81
141 9 15
142 42 52
143 45 1
144 72 130
145 135 128
146 79 121
147 80 24
148 27 36
149 90 139
150 47 101
151 127 123
152 133 12
153 53 139
154 90 89
155 12 2
156 38 126
157 70 150
158 49 109
159 15 55
160 124 98
161 101 49
162 107 25
163 107 8
164 17 149
165 142 11
166 116 83
167 59 127
168 56 75
169 43 79
170 148 118
171 4 76
172 79 16
173 53 129
174 32 112
175 19 7
176 117 123
177 140 60
178 132 14
179 147 140
180 138 108
181 127 77
182 145 109
183 8 17
184 58 5
185 105 16
186 149 62
187 11 144
188 87 51
189 2 150
190 121 59
191 7 54
192 141 64
193 64 47
194 118 86
195 41 27
196 19 3
197 119 94
198 143 38
199 17 146
200 94 88
201 127 2
202 122 70
203 19 114
204 60 30
205 55 48
206 0 8
207 130 70
208 137 38
209 3 98
210 148 70
211 55 80
212 93 50
213 137 123
214 25 41
215 24 18
216 24 2
217 65 70
218 9 36
219 93 82
220 126 141
221 49 114
222 80 62
223 21 112
224 54 106
225 46 149
226 126 56
227 41 92
228 82 111
229 66 69
230 97 21
231 78 91
232 62 125
233 5 27
234 25 150
235 20 61
236 144 96
237 93 1
238 73 145
239 100 28
240 16 110
241 147 114
242 67 134
243 90 9
244 51 106
245 96 85
246 81 100
247 134 54
248 133 133
249 37 54
250 70 128
251 2 47
252 149 116
253 59 114
254 35 131
255 28 142
256 11 3
257 58 1
258 6 51
259 144 149
260 30 77
261 96 96
262 89 86
263 125 133
264 23 123
265 25 22
266 36 80
267 69 73
268 144 30
269 112 110
270 73 10
271 74 47
272 28 39
273 0 23
274 65 89
275 81 103
276 59 76
277 94 140
278 91 67
279 125 60
280 29 108
281 143 100
282 91 99
283 50 22
284 84 111
285 46 72
286 35 89
287 113 27
288 15 118
289 7 138
290 49 93
291 137 145
292 65 135
293 93 87
294 120 100
295 60 148
296 145 69
297 143 13
298 113 35
299 80 121
300 13 65
301 17 25
302 44 135
303 41 57
304 85 112
305 59 46
306 12 41
307 79 110
308 72 143
309 117 42
310 86 77
311 98 149
312 13 9
313 0 0
314 21 42
315 77 115
316 3 113
317 103 59
318 16 71
319 132 130
320 93 90
321 100 56
322 120 128
323 39 100
324 116 117
325 103 110
326 88 12
327 136 107
328 149 126
329 29 47
330 25 79
331 120 76
332 131 52
333 76 0
334 118 22
335 27 73
336 0 64
337 95 102
338 54 85
339 27 18
340 107 90
341 99 58
342 109 19
343 120 98
344 42 90
345 94 90
346 53 60
347 44 108
348 12 16
349 126 30
350 90 75
351 86 80
352 136 99
353 19 64
354 50 113
355 13 94
356 113 47
357 132 47
358 134 25
359 14 130
360 6 77
361 122 0
362 70 21
363 90 73
364 74 97
365 63 83
366 42 103
367 144 102
368 0 14
369 75 88
370 130 63
371 25 120
372 78 6
373 46 27
374 67 51
375 128 138
376 120 17
377 11 105
378 81 35
379 118 112
380 107 39
381 140 107
382 142 96
383 133 54
384 142 144
385 71 104
386 1 44
387 64 137
388 133 33
389 115 51
390 57 99
391 77 53
392 33 33
393 102 17
394 79 53
395 110 100
396 132 120
397 100 54
398 112 36
399 2 103
400 110 0
401 20 45
402 62 70
403 104 116
404 149 37
405 40 121
406 29 41
407 3 120
408 51 81
409 70 142
410 36 17
411 117 106
412 83 123
413 136 63
414 81 117
415 96 141
416 62 74
417 117 79
418 104 114
419 20 127
420 99 18
421 44 28
422 93 2
423 7 11
424 117 68
425 116 80
426 11 124
427 53 77
428 51 2
429 130 51
430 27 98
431 65 69
432 118 111
433 35 115
434 89 14
435 94 148
436 42 40
437 64 44
438 39 68
439 75 23
440 103 48
441 22 85
442 65 54
443 71 67
444 33 141
445 1 96
446 105 140
447 95 50
448 71 67
449 88 124
450 48 47
451 137 66
452 107 113
453 26 25
454 124 150
455 98 134
456 67 69
457 46 54
458 137 20
459 22 93
460 118 113
461 61 149
462 44 53
463 133 38
464 143 147
465 85 39
466 5 95
467 45 67
468 17 136
469 26 34
470 134 16
471 60 41
472 37 119
473 73 138
474 34 8
475 8 89
476 6 1
477 107 65
478 101 45
479 53 65
480 29 49
481 101 35
482 45 150
483 100 53
484 67 29
485 18 63
486 64 85
487 118 136
488 4 83
489 101 88
490 51 83
491 110 45
492 23 110
493 19 30
494 137 12
495 49 90
496 121 33
497 121 141
498 21 72
499 141 76
500 21 58
501 11 81
502 49 137
503 14 29
504 149 51
505 63 78
506 105 118
507 120 135
508 137 12
509 79 130
510 88 135
511 118 101
512 86 40
513 15 65
514 122 64
515 150 76
516 101 42
517 4 24
518 113 38
519 149 115
520 30 11
521 39 85
522 61 121
523 127 10
524 24 56
525 55 125
526 133 148
527 23 134
528 15 97
529 12 145
530 0 132
531 100 52
532 107 109
533 123 47
534 35 63
535 88 66
536 20 10
537 87 113
538 12 84
539 143 17
540 74 45
541 4 88
542 71 126
543 102 144
544 14 110
545 121 98
546 142 138
547 46 117
548 91 13
549 88 72
550 34 106
551 71 24
552 99 76
553 117 22
554 104 13
555 27 9
556 65 17
557 92 107
558 33 18
559 36 24
560 50 33
561 13 79
562 31 13
563 85 101
564 102 123
565 26 78
566 130 124
567 46 135
568 13 111
569 52 131
570 14 30
571 83 28
572 91 81
573 63 116
574 74 34
575 4 89
576 28 126
577 143 66
578 56 17
579 13 24
580 101 107
581 31 27
582 0 47
583 119 25
584 138 114
585 98 44
586 71 98
587 79 96
588 38 4
589 12 43
590 117 13
591 120 14
592 46 69
593 81 16
594 31 135
595 149 86
596 8 19
597 124 105
598 2 9
599 63 102
600 121 30
601 117 84
602 58 73
603 113 69
604 59 31
605 96 38
606 87 16
607 26 115
608 88 82
609 77 112
610 145 12
611 146 68
612 5 20
613 76 22
614 111 55
615 135 42
616 61 82
617 147 75
618 2 72
619 45 77
620 57 3
621 83 20
622 75 107
623 16 109
624 65 94
625 72 48
626 38 19
627 100 110
628 90 3
629 49 39
630 122 34
631 138 145
632 116 125
633 80 57
634 132 134
635 96 96
636 98 87
637 126 62
638 109 23
639 39 54
640 24 100
641 114 46
642 58 144
643 121 42
644 2 127
645 63 142
646 133 100
647 46 3
648 133 92
649 15 41
650 42 13
651 141 46
652 142 12
653 36 115
654 126 87
655 109 25
656 99 10
657 35 107
658 98 105
659 131 31
660 50 37
661 1 64
662 80 96
663 20 129
664 124 107
665 124 49
666 88 108
667 97 134
668 39 41
669 127 133
670 126 54
671 69 26
672 74 147
673 41 10
674 124 110
675 94 9
676 96 69
677 70 48
678 93 78
679 15 22
680 143 64
681 131 95
682 2 129
683 117 38
684 28 19
685 126 84
686 149 32
687 73 61
688 28 44
689 137 135
690 107 17
691 80 9
692 138 144
693 100 68
694 60 94
695 47 63
696 37 145
697 39 60
698 73 23
699 22 38
700 12 94
701 24 39
702 11 31
703 54 47
704 57 20
705 130 31
706 139 71
707 70 46
708 148 40
709 2 138
710 54 41
711 30 144
712 84 63
713 7 108
714 21 65
715 110 34
716 67 19
717 65 99
718 50 114
719 111 5
720 18 59
721 23 12
722 59 85
723 122 97
724 26 91
725 1 76
726 31 131
727 61 97
728 43 125
729 123 146
730 90 52
731 9 75
732 18 98
733 142 7
734 123 6
735 49 14
736 66 128
737 133 27
738 139 26
739 67 122
740 26 99
741 2 90
742 122 124
743 111 42
744 34 128
745 60 145
746 133 126
747 19 124
748 103 99
749 145 134
750 70 68
751 134 56
752 122 77
753 69 89
754 71 82
755 91 109
756 100 13
757 82 92
758 73 45
759 123 126
760 8 54
761 141 3
762 10 77
763 23 128
764 80 141
765 118 117
766 110 118
767 140 68
768 108 42
769 56 94
770 125 103
771 106 105
772 7 31
773 26 88
774 83 4
775 131 64
776 95 7
777 7 130
778 95 122
779 142 20
780 132 95
781 140 32
782 33 65
783 133 88
784 127 19
785 128 146
786 68 49
787 93 82
788 58 4
789 79 84
790 26 149
791 70 101
792 136 108
793 36 22
794 5 129
795 79 15
796 30 42
797 19 42
798 32 74
799 137 148
800 108 9
801 139 13
802 78 149
803 68 120
804 123 21
805 84 27
806 68 12
807 7 93
808 112 86
809 65 86
810 46 102
811 149 128
812 134 137
813 147 6
814 93 11
815 61 88
816 58 10
817 28 86
818 123 36
819 10 65
820 108 102
821 73 113
822 150 31
823 87 5
824 96 40
825 85 106
826 150 102
827 13 9
828 24 149
829 94 110
830 8 62
831 63 7
832 84 141
833 70 22
834 64 51
835 127 140
836 28 10
837 34 54
838 60 104
839 102 44
840 27 24
841 59 75
842 49 67
843 102 60
844 46 41
845 144 22
846 11 87
847 146 77
848 38 78
849 145 100
850 50 47
851 85 138
852 61 134
853 78 150
854 136 138
855 136 125
856 56 50
857 109 84
858 58 17
859 41 70
860 101 88
861 112 110
862 86 88
863 13 124
864 138 20
865 45 123
866 21 138
867 136 37
868 50 125
869 106 43
870 132 139
871 93 59
872 133 34
873 139 95
874 78 102
875 4 5
876 9 74
877 102 137
878 4 97
879 119 14
880 43 54
881 43 18
882 14 60
883 80 33
884 45 45
885 142 108
886 42 111
887 13 64
888 74 67
889 4 141
890 11 88
891 70 117
892 109 126
893 104 120
894 118 37
895 77 90
896 7 55
897 76 32
898 100 48
899 104 94
900 107 141
901 114 61
902 135 147
903 127 36
904 114 34
905 109 27
906 86 72
907 136 38
908 127 124
909 39 115
910 14 57
911 108 111
912 128 24
913 49 80
914 12 85
915 34 93
916 70 122
917 123 112
918 112 47
919 62 55
920 141 82
921 146 113
922 80 81
923 64 93
924 94 97
925 122 13
926 106 23
927 132 66
928 144 135
929 7 39
930 35 2
931 75 107
932 133 67
933 72 120
934 17 39
935 28 76
936 79 51
937 124 18
938 1 102
939 119 35
940 130 138
941 135 37
942 141 67
943 144 59
944 63 134
945 59 46
946 35 96
947 95 3
948 82 31
949 150 148
950 37 52
951 81 88
952 29 116
953 76 86
954 79 50
955 94 53
956 83 122
957 137 111
958 142 42
959 124 60
960 77 9
961 125 71
962 54 86
963 74 123
964 93 28
965 126 39
966 86 44
967 97 131
968 57 12
969 4 138
970 43 133
971 9 136
972 98 104
973 49 70
974 122 143
975 8 26
976 96 5
977 128 150
978 50 104
979 8 23
980 72 28
981 129 102
982 24 23
983 92 21
984 86 45
985 23 78
986 48 107
987 19 102
988 90 102
989 132 140
990 94 32
991 47 0
992 20 76
993 53 86
994 2 84
995 107 125
996 34 24
997 147 28
998 59 110
999 50 61
