100
0 41 25
1 36 4
2 28 11
3 12 10
4 39 26
5 19 4
6 35 7
7 13 22
8 18 3
9 44 26
10 43 15
11 35 13
12 21 1
13 22 5
14 12 14
15 39 11
16 46 21
17 41 21
18 31 2
19 37 15
20 19 30
21 49 11
22 45 23
23 47 17
24 27 16
25 49 27
26 21 11
27 44 28
28 19 25
29 12 27
30 44 17
31 16 9
32 44 6
33 13 30
34 45 5
35 23 14
36 13 18
37 15 11
38 46 19
39 22 22
40 8 28
41 15 7
42 16 14
43 47 20
44 25 3
45 3 4
46 30 25
47 6 26
48 36 25
49 42 8
50 14 29
51 19 21
52 32 1
53 43 20
54 1 2
55 23 8
56 24 22
57 32 13
58 41 5
59 33 9
60 23 20
61 14 15
62 35 28
63 5 0
64 44 22
65 35 6
66 50 20
67 3 19
68 21 21
69 13 16
70 2 12
71 27 6
72 30 18
73 47 3
74 8 19
75 12 12
76 0 27
77 16 2
78 11 29
79 1 22
80 9 0
81 36 9
82 39 17
83 24 11
84 11 26
85 45 21
86 21 9
87 24 16
88 27 22
89 4 9
90 15 14
91 29 9
92 7 1
93 3 1
94 18 20
95 32 3
96 41 8
97 42 30
98 36 2
99 16 24
