1000
0 39 12
1 9 29
2 2 5
3 35 13
4 35 11
5 47 9
6 17 4
7 38 28
8 40 16
9 19 4
10 8 3
11 13 21
12 9 12
13 20 20
14 13 26
15 11 26
16 22 9
17 37 10
18 6 26
19 37 15
20 49 2
21 8 22
22 38 14
23 46 1
24 4 5
25 41 6
26 32 27
27 9 8
28 30 29
29 39 22
30 5 7
31 14 14
32 10 7
33 42 12
34 47 22
35 26 16
36 27 29
37 40 11
38 44 7
39 15 28
40 36 10
41 6 2
42 43 26
43 28 3
44 9 22
45 1 16
46 8 19
47 50 16
48 48 4
49 20 3
50 50 8
51 30 11
52 46 16
53 46 21
54 32 15
55 34 12
56 31 2
57 25 26
58 31 11
59 41 22
60 12 5
61 6 2
62 48 7
63 11 25
64 37 24
65 11 18
66 11 14
67 49 5
68 45 12
69 8 14
70 30 22
71 35 9
72 39 5
73 2 21
74 33 2
75 5 22
76 44 28
77 40 3
78 17 12
79 15 7
80 20 23
81 50 7
82 36 1
83 3 4
84 46 18
85 46 22
86 12 16
87 46 6
88 49 20
89 5 6
90 2 22
91 37 0
92 42 4
93 24 16
94 43 13
95 26 14
96 30 20
97 49 23
98 43 19
99 42 1
100 24 4
101 2 8
102 16 29
103 32 16
104 36 10
105 45 6
106 2 16
107 39 14
108 36 3
109 31 18
110 10 13
111 19 1
112 11 24
113 17 21
114 28 20
115 37 16
116 26 19
117 21 19
118 22 3
119 10 6
120 27 28
121 0 4
122 14 17
123 43 8
124 40 11
125 18 23
126 44 23
127 32 15
128 11 11
129 20 25
130 15 0
131 25 4
132 35 9
133 41 14
134 23 21
135 25 23
136 27 29
137 25 24
138 46 6
139 48 19
140 10 24
141 50 11
142 34 22
143 5 2
144 0 21
145 1 1
146 14 0
147 44 30
148 34 17
149 23 27
150 43 6
151 26 10
152 30 16
153 39 22
154 28 29
155 46 26
156 27 10
157 39 28
158 43 6
159 3 6
160 8 25
161 40 23
162 27 11
163 27 24
164 45 10
165 27 10
166 2 9
167 48 24
168 43 15
169 32 11
170 46 18
171 1 26
172 30 30
173 38 1
174 19 8
175 1 26
176 46 20
177 13 6
178 7 23
179 0 5
180 43 28
181 23 29
182 5 5
183 1 4
184 42 17
185 29 12
186 14 2
187 30 20
188 39 5
189 20 28
190 0 16
191 42 13
192 22 16
193 31 19
194 25 4
195 22 30
196 32 3
197 19 23
198 11 27
199 29 5
200 3 29
201 4 22
202 39 3
203 14 28
204 31 5
205 13 0
206 14 5
207 15 3
208 33 7
209 41 9
210 45 20
211 3 7
212 7 20
213 25 18
214 15 23
215 37 18
216 30 28
217 32 19
218 36 25
219 7 0
220 50 14
221 33 20
222 19 16
223 15 13
224 49 19
225 43 8
226 21 19
227 22 0
228 29 18
229 18 27
230 5 2
231 11 20
232 10 1
233 6 29
234 34 9
235 23 12
236 8 4
237 44 28
238 11 3
239 14 26
240 48 26
241 45 10
242 11 20
243 38 21
244 7 24
245 10 26
246 18 7
247 1 30
248 3 2
249 1 11
250 9 0
251 49 26
252 12 26
253 43 1
254 39 27
255 26 25
256 2 23
257 16 8
258 14 3
259 14 3
260 4 30
261 11 30
262 31 25
263 44 16
264 11 2
265 33 6
266 4 22
267 44 14
268 37 12
269 24 7
270 44 8
271 50 20
272 13 11
273 31 18
274 25 30
275 38 16
276 6 27
277 19 26
278 39 29
279 4 30
280 6 4
281 35 12
282 19 24
283 49 19
284 17 13
285 27 6
286 43 17
287 18 23
288 5 3
289 20 9
290 13 5
291 39 16
292 6 18
293 28 3
294 38 7
295 1 25
296 3 2
297 41 18
298 15 9
299 33 3
300 29 22
301 3 8
302 26 17
303 37 23
304 12 30
305 27 28
306 38 1
307 37 11
308 47 16
309 4 16
310 18 7
311 17 18
312 30 6
313 43 20
314 41 5
315 36 6
316 46 5
317 4 22
318 28 8
319 24 4
320 45 29
321 7 0
322 21 27
323 27 3
324 22 15
325 9 19
326 26 9
327 37 23
328 15 8
329 50 7
330 28 23
331 24 11
332 29 12
333 9 16
334 50 28
335 37 0
336 44 30
337 6 6
338 19 6
339 34 4
340 25 5
341 11 9
342 42 29
343 33 21
344 4 8
345 30 25
346 30 28
347 33 8
348 25 24
349 50 16
350 50 17
351 49 28
352 25 3
353 20 1
354 27 14
355 43 27
356 34 25
357 49 5
358 13 19
359 45 18
360 22 24
361 33 9
362 11 28
363 37 27
364 21 9
365 36 15
366 41 7
367 3 28
368 13 9
369 4 7
370 15 12
371 34 6
372 37 11
373 19 23
374 14 25
375 21 8
376 40 16
377 21 16
378 0 13
379 39 3
380 47 1
381 41 8
382 33 29
383 5 5
384 30 15
385 14 2
386 38 22
387 34 13
388 38 17
389 16 15
390 14 7
391 29 16
392 46 10
393 14 20
394 30 14
395 48 22
396 45 8
397 33 4
398 1 2
399 29 25
400 46 3
401 21 23
402 20 23
403 4 28
404 9 22
405 17 30
406 39 3
407 42 8
408 49 4
409 47 6
410 38 11
411 30 24
412 9 4
413 3 21
414 7 12
415 12 21
416 24 1
417 8 4
418 15 1
419 37 20
420 6 1
421 6 25
422 17 13
423 38 19
424 34 2
425 23 26
426 41 19
427 21 22
428 47 12
429 45 5
430 40 20
431 17 19
432 12 13
433 38 17
434 11 25
435 27 18
436 18 11
437 17 28
438 15 26
439 27 22
440 20 5
441 7 22
442 0 24
443 30 12
444 22 4
445 5 25
446 22 7
447 5 27
448 8 11
449 23 8
450 16 17
451 27 13
452 4 2
453 24 19
454 35 20
455 45 29
456 15 22
457 0 18
458 34 7
459 35 20
460 9 15
461 17 21
462 15 0
463 23 9
464 24 21
465 35 20
466 13 23
467 32 25
468 17 28
469 6 8
470 49 13
471 30 23
472 4 29
473 32 0
474 44 10
475 19 13
476 9 5
477 48 24
478 27 22
479 16 27
480 6 8
481 26 17
482 40 7
483 12 5
484 7 11
485 36 28
486 23 20
487 1 20
488 44 27
489 19 12
490 33 18
491 8 21
492 0 9
493 30 2
494 37 15
495 50 4
496 15 9
497 5 7
498 23 18
499 40 22
500 3 7
501 42 16
502 23 22
503 13 23
504 25 28
505 12 17
506 36 18
507 7 0
508 31 5
509 25 24
510 20 24
511 30 21
512 27 15
513 11 1
514 44 19
515 38 29
516 48 26
517 47 0
518 1 29
519 0 24
520 29 6
521 12 11
522 46 20
523 27 30
524 43 13
525 15 12
526 49 15
527 50 23
528 37 25
529 8 10
530 22 8
531 28 19
532 4 0
533 36 17
534 49 4
535 12 3
536 4 28
537 23 15
538 12 7
539 33 12
540 28 16
541 18 7
542 2 22
543 25 23
544 0 15
545 33 12
546 32 14
547 18 9
548 26 18
549 13 19
550 50 19
551 48 16
552 20 14
553 41 10
554 38 16
555 31 19
556 16 10
557 48 1
558 34 19
559 4 26
560 22 30
561 17 27
562 9 1
563 41 29
564 41 9
565 17 17
566 44 6
567 19 20
568 33 6
569 48 27
570 35 21
571 37 18
572 41 19
573 18 14
574 23 27
575 15 27
576 11 30
577 5 24
578 12 18
579 36 12
580 25 12
581 46 19
582 26 4
583 42 29
584 26 2
585 6 15
586 43 11
587 25 2
588 37 28
589 43 3
590 49 4
591 34 15
592 29 29
593 1 2
594 36 9
595 49 8
596 12 7
597 1 29
598 16 18
599 12 0
600 28 29
601 26 8
602 49 19
603 0 25
604 43 11
605 4 28
606 27 0
607 7 28
608 12 10
609 22 6
610 2 0
611 44 26
612 20 7
613 43 30
614 38 10
615 8 6
616 21 9
617 36 22
618 48 27
619 47 21
620 35 11
621 33 9
622 25 19
623 34 15
624 11 27
625 7 14
626 50 19
627 46 26
628 17 10
629 26 23
630 35 14
631 47 17
632 1 1
633 15 25
634 48 10
635 45 22
636 5 8
637 46 3
638 25 13
639 34 16
640 46 13
641 6 23
642 13 17
643 4 25
644 22 22
645 10 17
646 44 7
647 1 6
648 0 6
649 11 3
650 0 29
651 21 2
652 28 24
653 17 11
654 24 28
655 21 17
656 45 29
657 50 13
658 26 6
659 5 6
660 9 19
661 19 5
662 7 29
663 28 19
664 22 7
665 39 27
666 9 15
667 39 28
668 12 16
669 29 1
670 35 23
671 47 28
672 15 27
673 11 10
674 45 3
675 3 17
676 2 2
677 1 0
678 16 7
679 0 26
680 15 10
681 8 2
682 17 29
683 6 12
684 24 20
685 50 11
686 28 22
687 8 25
688 14 12
689 8 2
690 31 21
691 9 27
692 15 2
693 31 1
694 39 15
695 6 1
696 47 19
697 11 9
698 26 30
699 20 3
700 21 21
701 26 16
702 0 24
703 38 19
704 50 13
705 16 8
706 29 12
707 40 11
708 25 9
709 6 0
710 36 5
711 8 23
712 4 2
713 44 1
714 14 19
715 23 12
716 2 1
717 9 17
718 10 17
719 31 20
720 34 5
721 40 4
722 32 25
723 8 30
724 16 30
725 1 6
726 48 19
727 26 27
728 21 9
729 28 26
730 24 3
731 1 27
732 32 12
733 41 12
734 21 23
735 27 11
736 9 15
737 28 21
738 35 6
739 31 1
740 44 6
741 29 22
742 50 27
743 12 2
744 31 11
745 36 25
746 27 10
747 33 0
748 17 29
749 39 25
750 32 19
751 36 5
752 14 11
753 50 9
754 5 16
755 36 18
756 13 3
757 42 0
758 40 25
759 34 3
760 44 26
761 0 15
762 45 5
763 15 11
764 21 22
765 16 22
766 40 15
767 2 25
768 39 17
769 11 2
770 42 19
771 23 20
772 30 4
773 16 1
774 46 29
775 38 13
776 22 8
777 18 28
778 47 15
779 44 21
780 42 14
781 38 10
782 40 8
783 48 26
784 24 12
785 29 26
786 34 12
787 5 16
788 26 21
789 3 12
790 39 21
791 37 27
792 30 0
793 0 18
794 16 5
795 9 8
796 27 10
797 16 23
798 24 4
799 27 27
800 0 0
801 45 30
802 17 10
803 0 27
804 26 5
805 9 20
806 27 20
807 46 19
808 10 13
809 38 30
810 21 6
811 10 26
812 48 17
813 30 15
814 9 23
815 10 24
816 10 16
817 2 14
818 3 24
819 4 24
820 27 29
821 32 12
822 44 17
823 0 11
824 36 14
825 48 8
826 33 3
827 41 29
828 34 18
829 29 21
830 17 11
831 45 19
832 3 15
833 40 17
834 1 27
835 41 28
836 7 5
837 3 27
838 35 4
839 17 15
840 32 26
841 32 0
842 22 15
843 4 9
844 11 8
845 37 1
846 28 8
847 5 11
848 33 9
849 48 4
850 47 8
851 49 5
852 31 24
853 34 23
854 19 2
855 47 24
856 30 15
857 1 16
858 50 23
859 24 8
860 0 29
861 17 24
862 25 28
863 44 16
864 37 16
865 24 30
866 4 14
867 44 20
868 29 5
869 37 28
870 26 9
871 29 5
872 34 30
873 8 8
874 14 16
875 32 0
876 6 1
877 6 12
878 7 20
879 20 7
880 9 7
881 29 9
882 23 5
883 20 3
884 21 9
885 33 7
886 0 25
887 16 9
888 12 0
889 23 10
890 35 12
891 42 16
892 30 26
893 33 3
894 23 19
895 38 10
896 43 26
897 21 17
898 36 13
899 44 21
900 32 0
901 24 17
902 7 27
903 30 25
904 15 4
905 39 10
906 20 1
907 8 5
908 50 5
909 19 9
910 22 22
911 29 30
912 30 26
913 21 2
914 23 2
915 28 7
916 25 9
917 18 27
918 5 3
919 32 7
920 37 20
921 41 12
922 33 18
923 14 13
924 14 25
925 44 15
926 39 20
927 18 24
928 24 20
929 46 8
930 4 3
931 8 0
932 36 9
933 12 23
934 0 16
935 14 16
936 37 19
937 14 27
938 31 25
939 42 9
940 23 8
941 27 16
942 40 29
943 28 21
944 17 22
945 49 16
946 32 27
947 13 7
948 23 29
949 48 16
950 9 5
951 12 24
952 42 6
953 25 16
954 39 7
955 10 29
956 43 5
957 10 30
958 33 24
959 49 27
960 31 25
961 13 27
962 5 16
963 38 2
964 44 1
965 23 14
966 3 14
967 35 11
968 39 12
969 21 14
970 13 25
971 30 20
972 38 7
973 4 3
974 18 12
975 39 5
976 28 18
977 37 24
978 9 8
979 16 5
980 5 15
981 36 4
982 17 0
983 12 11
984 18 14
985 36 15
986 7 25
987 42 24
988 33 24
989 11 9
990 44 10
991 10 24
992 46 21
993 44 27
994 11 4
995 5 23
996 3 28
997 33 26
998 33 14
999 19 9
