2000
0 39 17
1 41 5
2 33 28
3 33 2
4 11 2
5 49 21
6 16 28
7 37 28
8 26 12
9 28 28
10 2 1
11 19 18
12 47 24
13 11 20
14 12 13
15 37 17
16 37 18
17 43 16
18 46 19
19 13 17
20 3 26
21 39 14
22 29 7
23 34 13
24 0 9
25 8 9
26 15 9
27 13 20
28 23 19
29 35 18
30 48 6
31 33 4
32 12 3
33 45 3
34 17 2
35 9 4
36 36 10
37 39 26
38 21 4
39 0 8
40 34 7
41 29 19
42 43 2
43 9 25
44 37 8
45 46 20
46 37 18
47 14 21
48 22 30
49 0 10
50 24 7
51 5 23
52 6 27
53 39 6
54 46 13
55 45 1
56 5 25
57 38 30
58 29 27
59 11 19
60 25 6
61 14 5
62 47 28
63 47 30
64 5 2
65 23 5
66 7 11
67 45 9
68 0 14
69 34 26
70 24 22
71 41 29
72 39 22
73 44 22
74 40 20
75 24 0
76 30 23
77 29 16
78 37 16
79 28 2
80 29 27
81 36 16
82 31 0
83 34 7
84 18 29
85 18 7
86 34 26
87 45 7
88 23 1
89 39 19
90 23 16
91 33 19
92 47 21
93 45 12
94 5 20
95 30 7
96 45 21
97 40 24
98 10 23
99 15 24
100 37 28
101 22 23
102 15 27
103 38 5
104 15 19
105 35 28
106 46 24
107 15 1
108 46 9
109 23 18
110 19 5
111 9 28
112 42 3
113 42 17
114 42 26
115 19 12
116 44 29
117 49 8
118 1 14
119 20 23
120 39 9
121 45 13
122 11 13
123 32 13
124 50 2
125 50 15
126 1 25
127 9 29
128 1 1
129 12 12
130 24 25
131 26 1
132 45 27
133 33 25
134 26 11
135 32 10
136 27 18
137 50 14
138 24 1
139 0 1
140 13 22
141 21 10
142 17 0
143 21 7
144 20 0
145 18 2
146 49 17
147 38 27
148 49 29
149 28 1
150 47 29
151 28 17
152 29 24
153 32 17
154 1 7
155 10 24
156 12 4
157 43 20
158 30 15
159 11 7
160 35 25
161 12 22
162 28 7
163 16 1
164 44 23
165 42 8
166 46 27
167 40 24
168 14 17
169 38 9
170 5 15
171 8 7
172 20 0
173 9 27
174 21 0
175 45 12
176 16 25
177 2 13
178 22 14
179 26 16
180 20 4
181 33 24
182 29 10
183 4 5
184 13 30
185 35 21
186 48 10
187 8 7
188 10 23
189 9 12
190 48 26
191 44 2
192 17 1
193 23 5
194 34 14
195 7 30
196 42 14
197 24 3
198 13 30
199 35 20
200 17 3
201 33 20
202 32 7
203 36 20
204 38 17
205 38 0
206 17 19
207 29 22
208 17 20
209 9 25
210 40 28
211 49 6
212 0 19
213 44 25
214 26 17
215 14 20
216 29 0
217 29 15
218 40 28
219 30 19
220 30 30
221 49 18
222 15 4
223 23 22
224 40 23
225 39 18
226 41 15
227 5 9
228 36 15
229 11 2
230 8 15
231 9 29
232 18 0
233 30 3
234 8 24
235 49 18
236 42 19
237 17 13
238 21 16
239 46 29
240 33 1
241 47 1
242 1 15
243 45 0
244 44 28
245 43 9
246 29 18
247 39 13
248 44 0
249 11 20
250 7 21
251 38 1
252 44 28
253 27 30
254 20 12
255 0 15
256 21 6
257 38 18
258 38 10
259 18 26
260 25 14
261 0 22
262 4 28
263 48 3
264 50 10
265 24 13
266 22 29
267 1 17
268 48 25
269 22 28
270 11 17
271 50 19
272 26 23
273 0 1
274 1 11
275 5 10
276 36 29
277 40 6
278 48 24
279 7 8
280 42 25
281 14 11
282 26 4
283 13 15
284 42 19
285 41 10
286 8 30
287 38 24
288 19 8
289 23 19
290 32 8
291 33 17
292 30 19
293 24 19
294 1 22
295 5 23
296 19 10
297 11 6
298 37 13
299 6 11
300 31 28
301 29 15
302 2 30
303 41 17
304 48 10
305 21 11
306 6 9
307 32 15
308 3 30
309 2 18
310 47 21
311 45 24
312 31 18
313 28 5
314 26 2
315 31 6
316 34 20
317 0 18
318 45 12
319 43 27
320 46 9
321 25 28
322 3 17
323 29 2
324 33 30
325 37 7
326 23 20
327 27 15
328 25 8
329 27 11
330 13 21
331 6 11
332 7 19
333 10 26
334 8 4
335 8 21
336 13 1
337 10 12
338 25 6
339 36 20
340 4 24
341 43 24
342 7 11
343 44 12
344 10 14
345 18 26
346 15 7
347 48 10
348 28 18
349 16 21
350 31 18
351 22 4
352 40 4
353 1 28
354 36 3
355 3 19
356 36 0
357 36 1
358 35 12
359 28 12
360 44 18
361 0 22
362 18 4
363 20 10
364 17 19
365 32 3
366 6 11
367 47 19
368 46 22
369 4 30
370 17 14
371 36 7
372 39 26
373 20 16
374 30 15
375 23 18
376 13 3
377 39 12
378 46 26
379 46 28
380 40 20
381 21 3
382 43 18
383 33 21
384 41 26
385 24 12
386 2 21
387 41 23
388 45 11
389 13 28
390 29 2
391 26 7
392 47 23
393 30 2
394 23 25
395 3 28
396 29 19
397 11 21
398 7 5
399 21 16
400 31 18
401 0 5
402 37 0
403 42 2
404 41 24
405 33 15
406 24 30
407 20 30
408 29 29
409 29 19
410 21 27
411 31 26
412 34 28
413 17 4
414 31 27
415 6 23
416 43 7
417 31 17
418 41 27
419 26 27
420 16 27
421 38 9
422 38 0
423 12 5
424 47 26
425 50 26
426 2 21
427 17 28
428 50 5
429 33 25
430 23 5
431 48 11
432 7 3
433 6 29
434 11 27
435 49 9
436 24 10
437 33 6
438 17 3
439 18 19
440 39 18
441 3 18
442 47 8
443 25 29
444 33 29
445 25 20
446 13 15
447 44 1
448 41 9
449 5 4
450 27 25
451 47 25
452 28 1
453 45 16
454 12 24
455 47 20
456 18 27
457 33 7
458 9 23
459 45 13
460 22 18
461 9 29
462 44 8
463 43 24
464 10 30
465 8 13
466 27 0
467 13 9
468 47 27
469 10 6
470 18 18
471 15 8
472 25 1
473 17 24
474 27 2
475 7 11
476 12 24
477 25 20
478 3 27
479 2 4
480 31 8
481 40 7
482 7 18
483 21 21
484 24 29
485 27 22
486 30 4
487 0 18
488 49 7
489 32 0
490 22 28
491 13 26
492 22 14
493 6 11
494 50 19
495 27 22
496 41 22
497 39 12
498 10 14
499 42 13
500 50 11
501 16 0
502 11 12
503 38 4
504 37 13
505 1 29
506 36 17
507 22 2
508 45 25
509 29 0
510 16 27
511 42 6
512 33 19
513 1 10
514 42 8
515 38 17
516 35 29
517 40 19
518 3 26
519 41 29
520 1 13
521 13 12
522 22 9
523 4 1
524 46 19
525 28 16
526 36 18
527 50 25
528 41 16
529 35 0
530 1 20
531 3 24
532 5 14
533 49 15
534 32 28
535 22 28
536 29 6
537 19 2
538 37 5
539 24 17
540 45 9
541 31 10
542 3 7
543 21 12
544 16 13
545 4 30
546 39 21
547 36 29
548 30 17
549 11 6
550 21 14
551 1 1
552 42 17
553 9 25
554 11 6
555 3 5
556 37 25
557 30 5
558 40 11
559 43 14
560 42 30
561 49 0
562 38 28
563 22 11
564 45 18
565 2 0
566 26 18
567 40 10
568 41 26
569 9 7
570 41 11
571 2 5
572 9 15
573 43 27
574 46 25
575 10 2
576 29 27
577 21 18
578 1 2
579 24 25
580 29 6
581 47 1
582 37 22
583 18 8
584 29 29
585 42 3
586 37 20
587 29 30
588 48 5
589 41 27
590 30 25
591 34 29
592 28 15
593 18 29
594 45 3
595 31 6
596 0 18
597 15 11
598 25 16
599 22 29
600 1 14
601 8 27
602 41 25
603 2 26
604 45 27
605 32 26
606 35 13
607 48 7
608 20 9
609 45 3
610 34 17
611 23 21
612 8 15
613 44 1
614 25 14
615 0 22
616 2 21
617 45 5
618 36 30
619 30 21
620 14 3
621 6 14
622 15 27
623 48 18
624 26 26
625 47 30
626 37 20
627 46 4
628 18 17
629 9 17
630 31 11
631 36 8
632 45 10
633 32 8
634 40 11
635 7 8
636 40 3
637 40 29
638 38 20
639 5 17
640 8 30
641 48 28
642 33 2
643 26 2
644 29 22
645 20 26
646 38 14
647 29 23
648 50 24
649 46 30
650 15 3
651 16 14
652 41 13
653 27 8
654 0 13
655 31 23
656 17 4
657 32 7
658 17 24
659 22 28
660 7 15
661 2 20
662 15 2
663 22 10
664 23 11
665 11 9
666 43 19
667 18 16
668 12 28
669 7 7
670 9 1
671 4 9
672 3 17
673 19 13
674 0 28
675 41 0
676 8 24
677 21 15
678 4 23
679 35 23
680 2 25
681 37 26
682 22 9
683 9 27
684 50 20
685 28 27
686 0 3
687 29 14
688 4 9
689 7 5
690 29 0
691 8 27
692 33 10
693 34 16
694 14 10
695 26 2
696 16 8
697 32 16
698 16 20
699 4 18
700 8 19
701 47 29
702 31 4
703 3 11
704 13 12
705 11 18
706 32 3
707 35 16
708 33 21
709 27 4
710 18 5
711 37 29
712 30 27
713 25 3
714 37 15
715 14 10
716 27 27
717 46 28
718 43 12
719 16 27
720 38 23
721 9 21
722 25 0
723 14 21
724 12 4
725 25 23
726 32 15
727 21 14
728 14 15
729 25 0
730 15 10
731 11 20
732 41 11
733 10 5
734 17 30
735 4 24
736 25 12
737 44 16
738 47 26
739 6 27
740 46 21
741 41 20
742 24 4
743 28 3
744 48 12
745 31 13
746 31 8
747 46 30
748 4 6
749 40 27
750 14 24
751 39 29
752 32 27
753 2 25
754 38 14
755 29 9
756 18 17
757 30 21
758 6 16
759 4 9
760 39 24
761 16 30
762 6 5
763 42 24
764 33 25
765 34 9
766 14 12
767 48 29
768 25 25
769 30 19
770 32 24
771 6 19
772 25 11
773 39 19
774 35 24
775 49 26
776 24 14
777 37 12
778 45 10
779 5 13
780 27 27
781 41 6
782 35 29
783 15 8
784 25 29
785 13 23
786 36 15
787 2 26
788 0 20
789 19 15
790 49 1
791 20 0
792 36 17
793 50 24
794 3 10
795 25 26
796 7 26
797 23 21
798 1 19
799 40 11
800 9 26
801 1 10
802 23 8
803 12 11
804 7 29
805 27 21
806 13 16
807 50 29
808 48 24
809 28 11
810 1 17
811 34 29
812 22 28
813 21 10
814 5 17
815 8 20
816 15 6
817 12 25
818 21 3
819 4 5
820 35 2
821 23 25
822 19 23
823 24 7
824 21 23
825 41 26
826 26 24
827 32 26
828 9 29
829 12 29
830 46 14
831 43 22
832 39 17
833 38 0
834 41 29
835 2 23
836 32 16
837 8 28
838 5 18
839 6 16
840 0 16
841 11 3
842 2 2
843 42 28
844 9 12
845 40 8
846 0 9
847 13 19
848 20 22
849 45 30
850 14 23
851 41 23
852 14 2
853 36 6
854 45 17
855 14 22
856 39 0
857 32 6
858 20 10
859 39 4
860 27 27
861 32 5
862 21 25
863 5 2
864 44 10
865 1 26
866 24 7
867 19 2
868 9 13
869 37 15
870 44 2
871 21 29
872 8 18
873 17 12
874 31 13
875 38 6
876 5 13
877 47 15
878 27 15
879 11 10
880 8 4
881 3 12
882 13 4
883 39 8
884 30 18
885 11 9
886 22 28
887 13 11
888 37 4
889 37 5
890 34 13
891 34 9
892 31 21
893 9 11
894 12 13
895 28 3
896 5 15
897 37 3
898 42 9
899 39 1
900 17 6
901 47 25
902 12 15
903 22 22
904 42 26
905 4 3
906 12 17
907 3 5
908 42 11
909 47 24
910 1 11
911 45 29
912 50 21
913 32 1
914 13 6
915 2 22
916 38 14
917 15 25
918 3 18
919 16 24
920 23 26
921 20 2
922 2 0
923 1 25
924 12 7
925 45 11
926 11 4
927 17 19
928 36 24
929 6 19
930 32 26
931 18 8
932 29 25
933 25 25
934 40 18
935 36 17
936 24 13
937 2 17
938 6 3
939 15 24
940 12 26
941 29 26
942 6 16
943 4 15
944 7 5
945 27 8
946 15 20
947 37 20
948 38 16
949 10 7
950 19 9
951 26 0
952 2 27
953 7 7
954 9 20
955 14 16
956 24 12
957 36 28
958 3 27
959 40 12
960 3 8
961 16 24
962 14 0
963 0 1
964 47 24
965 11 19
966 34 20
967 2 25
968 25 10
969 13 7
970 14 21
971 25 6
972 33 14
973 29 9
974 4 22
975 28 8
976 34 5
977 7 15
978 28 21
979 15 16
980 32 15
981 25 26
982 12 6
983 50 22
984 22 14
985 25 27
986 37 18
987 22 11
988 42 6
989 20 10
990 27 30
991 44 20
992 15 28
993 44 9
994 6 14
995 26 9
996 0 0
997 41 26
998 15 8
999 47 14
1000 9 17
1001 16 7
1002 26 11
1003 29 0
1004 25 23
1005 42 10
1006 10 25
1007 6 23
1008 41 13
1009 15 9
1010 28 24
1011 17 9
1012 0 19
1013 35 1
1014 14 11
1015 14 12
1016 16 17
1017 18 3
1018 13 30
1019 39 12
1020 1 8
1021 30 19
1022 30 18
1023 21 27
1024 29 14
1025 28 16
1026 1 22
1027 10 5
1028 28 25
1029 38 2
1030 20 24
1031 39 14
1032 18 5
1033 42 4
1034 43 25
1035 5 6
1036 30 26
1037 31 24
1038 50 10
1039 25 6
1040 39 5
1041 37 26
1042 11 25
1043 36 26
1044 4 30
1045 42 27
1046 30 15
1047 8 29
1048 34 18
1049 36 14
1050 3 4
1051 35 29
1052 46 20
1053 47 10
1054 37 15
1055 38 0
1056 31 22
1057 26 26
1058 30 21
1059 34 16
1060 4 26
1061 11 24
1062 1 25
1063 41 5
1064 32 17
1065 20 17
1066 21 0
1067 49 30
1068 18 28
1069 14 1
1070 13 9
1071 33 17
1072 38 14
1073 49 8
1074 40 11
1075 42 13
1076 12 29
1077 39 30
1078 29 3
1079 26 30
1080 44 2
1081 2 9
1082 22 24
1083 48 0
1084 48 19
1085 29 17
1086 21 20
1087 27 30
1088 29 14
1089 1 10
1090 40 20
1091 36 17
1092 6 11
1093 8 30
1094 28 4
1095 17 2
1096 40 18
1097 5 13
1098 46 15
1099 31 12
1100 4 2
1101 0 1
1102 12 16
1103 29 8
1104 16 12
1105 32 22
1106 47 25
1107 0 1
1108 47 10
1109 5 12
1110 1 18
1111 17 24
1112 40 19
1113 28 0
1114 11 2
1115 15 29
1116 27 10
1117 32 4
1118 9 6
1119 27 3
1120 31 24
1121 49 5
1122 2 4
1123 40 15
1124 23 20
1125 42 1
1126 9 21
1127 5 23
1128 27 30
1129 30 19
1130 23 6
1131 37 1
1132 33 27
1133 12 14
1134 41 26
1135 38 28
1136 45 8
1137 35 24
1138 46 10
1139 49 21
1140 15 28
1141 29 28
1142 0 12
1143 5 28
1144 8 1
1145 24 8
1146 14 19
1147 28 8
1148 28 21
1149 27 10
1150 24 11
1151 15 3
1152 20 1
1153 19 23
1154 49 9
1155 41 6
1156 10 12
1157 46 0
1158 6 15
1159 43 29
1160 14 5
1161 22 20
1162 26 18
1163 38 9
1164 11 22
1165 38 0
1166 14 4
1167 20 21
1168 5 23
1169 19 28
1170 19 18
1171 3 3
1172 22 5
1173 8 21
1174 22 26
1175 20 0
1176 15 19
1177 18 16
1178 42 22
1179 47 14
1180 46 4
1181 50 20
1182 24 16
1183 19 25
1184 39 12
1185 21 6
1186 36 5
1187 6 0
1188 21 5
1189 49 15
1190 35 24
1191 45 22
1192 8 14
1193 35 6
1194 21 9
1195 47 12
1196 36 19
1197 38 26
1198 14 24
1199 9 17
1200 29 17
1201 24 1
1202 15 11
1203 13 2
1204 9 30
1205 44 21
1206 32 22
1207 34 18
1208 26 16
1209 6 28
1210 27 12
1211 36 27
1212 2 11
1213 31 9
1214 46 25
1215 21 18
1216 45 2
1217 36 28
1218 23 13
1219 36 7
1220 42 25
1221 31 17
1222 24 11
1223 42 17
1224 14 5
1225 49 8
1226 28 14
1227 25 8
1228 37 13
1229 18 2
1230 0 15
1231 32 30
1232 44 10
1233 0 24
1234 9 21
1235 9 12
1236 46 2
1237 34 2
1238 28 11
1239 31 13
1240 9 4
1241 26 1
1242 8 20
1243 19 25
1244 25 24
1245 42 28
1246 20 19
1247 10 16
1248 18 28
1249 14 28
1250 17 26
1251 30 5
1252 6 5
1253 29 15
1254 1 25
1255 14 10
1256 14 9
1257 34 23
1258 39 21
1259 28 1
1260 10 29
1261 38 18
1262 2 2
1263 4 5
1264 20 0
1265 46 30
1266 39 2
1267 35 21
1268 26 9
1269 30 17
1270 42 24
1271 25 26
1272 49 28
1273 27 29
1274 0 4
1275 5 3
1276 14 24
1277 37 8
1278 48 26
1279 7 29
1280 21 8
1281 14 10
1282 8 20
1283 13 22
1284 33 1
1285 34 30
1286 33 17
1287 34 14
1288 36 28
1289 13 12
1290 23 28
1291 0 12
1292 31 27
1293 8 9
1294 7 3
1295 1 17
1296 49 7
1297 18 30
1298 26 19
1299 12 21
1300 28 17
1301 34 28
1302 45 2
1303 40 3
1304 23 27
1305 19 7
1306 13 7
1307 5 13
1308 4 14
1309 15 15
1310 19 27
1311 30 21
1312 8 9
1313 19 1
1314 37 27
1315 12 7
1316 15 25
1317 46 15
1318 16 20
1319 30 23
1320 0 21
1321 43 28
1322 34 15
1323 19 29
1324 20 20
1325 7 5
1326 30 25
1327 38 17
1328 13 25
1329 41 29
1330 42 0
1331 2 20
1332 12 26
1333 6 28
1334 14 10
1335 29 9
1336 17 26
1337 45 9
1338 4 0
1339 25 28
1340 43 18
1341 29 0
1342 46 12
1343 44 13
1344 4 8
1345 18 17
1346 42 20
1347 0 17
1348 11 10
1349 40 26
1350 26 4
1351 38 17
1352 2 18
1353 41 26
1354 8 20
1355 9 10
1356 50 14
1357 2 10
1358 40 11
1359 22 24
1360 6 3
1361 36 13
1362 35 12
1363 28 11
1364 22 18
1365 34 4
1366 8 28
1367 40 24
1368 24 20
1369 49 5
1370 8 15
1371 43 22
1372 49 12
1373 37 8
1374 5 10
1375 11 17
1376 1 16
1377 43 22
1378 22 8
1379 49 7
1380 18 21
1381 18 19
1382 3 22
1383 3 13
1384 10 5
1385 4 16
1386 33 26
1387 1 4
1388 5 29
1389 47 10
1390 50 9
1391 29 18
1392 37 21
1393 31 28
1394 20 20
1395 42 5
1396 36 23
1397 40 3
1398 29 1
1399 36 12
1400 25 18
1401 31 18
1402 42 3
1403 44 12
1404 37 26
1405 40 10
1406 8 8
1407 3 27
1408 30 2
1409 34 1
1410 3 7
1411 42 6
1412 46 14
1413 47 9
1414 14 30
1415 3 25
1416 15 15
1417 15 5
1418 35 14
1419 6 24
1420 20 13
1421 1 1
1422 12 16
1423 20 8
1424 15 7
1425 16 2
1426 11 5
1427 33 30
1428 6 27
1429 31 9
1430 10 1
1431 37 11
1432 9 10
1433 24 10
1434 43 12
1435 23 22
1436 41 0
1437 48 6
1438 8 20
1439 47 6
1440 0 14
1441 26 29
1442 39 9
1443 8 19
1444 5 4
1445 41 13
1446 1 13
1447 12 28
1448 8 19
1449 42 11
1450 37 23
1451 0 19
1452 11 0
1453 38 25
1454 31 0
1455 31 13
1456 4 9
1457 50 6
1458 28 9
1459 42 22
1460 12 20
1461 28 29
1462 29 14
1463 21 3
1464 27 8
1465 16 8
1466 41 2
1467 20 13
1468 48 20
1469 31 0
1470 45 18
1471 34 28
1472 22 14
1473 42 30
1474 49 16
1475 1 21
1476 38 4
1477 15 26
1478 35 26
1479 42 12
1480 12 4
1481 49 28
1482 37 15
1483 33 23
1484 24 19
1485 9 19
1486 6 19
1487 10 13
1488 0 8
1489 1 2
1490 41 15
1491 36 1
1492 39 12
1493 31 9
1494 20 2
1495 22 11
1496 16 4
1497 23 12
1498 47 24
1499 12 21
1500 3 16
1501 45 24
1502 45 19
1503 0 28
1504 14 10
1505 9 1
1506 12 29
1507 31 27
1508 8 0
1509 20 12
1510 15 0
1511 37 18
1512 15 18
1513 0 15
1514 17 24
1515 38 0
1516 38 20
1517 41 6
1518 15 17
1519 13 4
1520 33 17
1521 13 16
1522 16 8
1523 2 24
1524 13 1
1525 37 9
1526 2 3
1527 35 18
1528 43 22
1529 15 12
1530 36 3
1531 26 15
1532 45 23
1533 27 15
1534 23 5
1535 8 8
1536 21 18
1537 29 18
1538 47 21
1539 47 4
1540 26 8
1541 19 11
1542 48 4
1543 34 7
1544 40 23
1545 5 24
1546 15 13
1547 47 29
1548 42 28
1549 6 24
1550 25 29
1551 38 8
1552 23 30
1553 15 30
1554 5 13
1555 37 19
1556 11 6
1557 16 22
1558 4 24
1559 0 9
1560 2 1
1561 47 1
1562 39 27
1563 5 21
1564 26 23
1565 8 19
1566 8 16
1567 38 27
1568 27 20
1569 43 21
1570 5 19
1571 14 1
1572 46 2
1573 5 19
1574 32 9
1575 48 17
1576 32 19
1577 21 30
1578 30 4
1579 8 6
1580 16 21
1581 1 7
1582 19 6
1583 48 25
1584 1 7
1585 28 22
1586 20 22
1587 45 9
1588 33 23
1589 39 14
1590 43 23
1591 40 8
1592 24 27
1593 48 17
1594 31 5
1595 4 30
1596 44 17
1597 7 22
1598 40 19
1599 35 11
1600 38 5
1601 30 22
1602 21 30
1603 29 13
1604 49 0
1605 25 17
1606 14 11
1607 47 2
1608 39 25
1609 45 19
1610 19 15
1611 10 23
1612 41 0
1613 46 15
1614 41 23
1615 9 0
1616 6 14
1617 24 4
1618 10 1
1619 48 4
1620 32 19
1621 38 26
1622 26 26
1623 12 23
1624 11 5
1625 37 23
1626 36 12
1627 45 29
1628 11 2
1629 5 21
1630 45 15
1631 8 25
1632 44 5
1633 9 19
1634 0 21
1635 43 26
1636 15 19
1637 37 15
1638 35 1
1639 44 29
1640 42 6
1641 24 14
1642 0 29
1643 18 6
1644 33 18
1645 11 17
1646 39 7
1647 26 18
1648 7 0
1649 41 3
1650 1 12
1651 18 6
1652 37 18
1653 42 13
1654 39 12
1655 33 25
1656 21 30
1657 30 21
1658 44 23
1659 18 12
1660 48 18
1661 14 15
1662 17 8
1663 42 4
1664 42 10
1665 17 16
1666 43 28
1667 19 16
1668 5 26
1669 21 15
1670 7 3
1671 30 8
1672 47 2
1673 7 4
1674 37 14
1675 39 19
1676 27 23
1677 41 20
1678 5 22
1679 28 5
1680 44 18
1681 38 26
1682 42 26
1683 11 0
1684 11 22
1685 0 9
1686 16 22
1687 9 30
1688 41 5
1689 21 30
1690 5 23
1691 26 0
1692 48 0
1693 48 0
1694 1 15
1695 39 10
1696 8 21
1697 46 14
1698 18 12
1699 12 1
1700 42 28
1701 47 19
1702 2 7
1703 18 13
1704 50 11
1705 19 17
1706 36 28
1707 49 28
1708 21 1
1709 37 2
1710 24 4
1711 34 10
1712 3 20
1713 33 21
1714 3 7
1715 49 9
1716 13 13
1717 35 7
1718 15 10
1719 29 17
1720 44 5
1721 30 6
1722 13 24
1723 28 2
1724 23 1
1725 44 11
1726 9 16
1727 31 6
1728 21 28
1729 38 29
1730 30 28
1731 36 10
1732 41 19
1733 41 17
1734 10 15
1735 33 3
1736 9 12
1737 7 7
1738 10 16
1739 47 18
1740 4 26
1741 6 3
1742 12 0
1743 4 4
1744 8 15
1745 25 2
1746 22 16
1747 16 3
1748 33 19
1749 4 15
1750 22 0
1751 10 29
1752 13 16
1753 25 18
1754 16 13
1755 40 22
1756 35 11
1757 37 21
1758 1 26
1759 26 19
1760 48 30
1761 14 23
1762 44 9
1763 31 23
1764 24 27
1765 39 11
1766 17 6
1767 33 21
1768 13 26
1769 19 19
1770 27 18
1771 21 3
1772 8 23
1773 13 30
1774 41 30
1775 36 16
1776 21 14
1777 49 15
1778 19 27
1779 29 17
1780 1 15
1781 47 0
1782 43 11
1783 15 1
1784 39 6
1785 25 5
1786 33 5
1787 9 26
1788 15 6
1789 44 12
1790 12 0
1791 13 28
1792 11 30
1793 16 10
1794 7 12
1795 12 17
1796 1 25
1797 36 7
1798 35 22
1799 8 17
1800 32 19
1801 19 26
1802 44 29
1803 3 15
1804 23 10
1805 47 14
1806 42 30
1807 7 0
1808 18 27
1809 30 4
1810 20 13
1811 17 0
1812 12 18
1813 23 15
1814 19 1
1815 50 18
1816 18 26
1817 0 3
1818 2 0
1819 21 30
1820 12 26
1821 26 1
1822 46 0
1823 15 19
1824 6 28
1825 1 19
1826 0 18
1827 30 13
1828 18 27
1829 23 22
1830 39 29
1831 32 2
1832 16 7
1833 8 21
1834 32 23
1835 21 30
1836 50 24
1837 6 10
1838 33 13
1839 39 24
1840 36 9
1841 5 14
1842 16 0
1843 15 12
1844 38 14
1845 4 23
1846 26 19
1847 43 17
1848 33 10
1849 0 1
1850 20 28
1851 35 9
1852 37 13
1853 11 21
1854 46 17
1855 1 10
1856 18 15
1857 34 2
1858 5 5
1859 13 15
1860 45 13
1861 46 21
1862 15 19
1863 17 4
1864 49 19
1865 35 29
1866 22 29
1867 34 3
1868 39 14
1869 7 28
1870 29 28
1871 30 8
1872 36 21
1873 7 22
1874 36 4
1875 45 18
1876 9 4
1877 24 2
1878 26 20
1879 48 26
1880 43 26
1881 45 15
1882 50 7
1883 24 24
1884 3 19
1885 9 4
1886 22 6
1887 45 12
1888 21 16
1889 15 19
1890 5 8
1891 24 17
1892 26 3
1893 17 3
1894 45 7
1895 31 14
1896 3 18
1897 32 29
1898 9 27
1899 37 30
1900 27 17
1901 11 18
1902 26 22
1903 6 17
1904 7 19
1905 35 10
1906 2 20
1907 38 19
1908 34 9
1909 31 25
1910 17 19
1911 37 14
1912 20 0
1913 10 27
1914 2 28
1915 28 13
1916 23 22
1917 33 24
1918 39 15
1919 19 4
1920 0 28
1921 43 16
1922 6 14
1923 17 18
1924 43 19
1925 48 15
1926 33 19
1927 43 15
1928 24 0
1929 0 29
1930 20 14
1931 31 14
1932 31 24
1933 48 14
1934 11 30
1935 48 28
1936 42 30
1937 6 3
1938 16 4
1939 44 17
1940 8 0
1941 31 24
1942 18 18
1943 30 1
1944 18 29
1945 17 14
1946 23 28
1947 2 12
1948 21 9
1949 30 9
1950 46 19
1951 21 6
1952 33 6
1953 31 3
1954 35 19
1955 21 3
1956 24 29
1957 30 5
1958 43 2
1959 1 27
1960 26 20
1961 26 28
1962 40 19
1963 33 21
1964 13 14
1965 28 26
1966 46 5
1967 40 8
1968 8 27
1969 18 12
1970 36 0
1971 6 10
1972 46 3
1973 39 1
1974 44 1
1975 14 30
1976 22 11
1977 27 29
1978 41 5
1979 31 6
1980 33 16
1981 6 22
1982 34 14
1983 16 4
1984 14 30
1985 44 28
1986 50 9
1987 28 26
1988 18 14
1989 27 4
1990 24 4
1991 43 30
1992 22 0
1993 48 13
1994 36 3
1995 34 8
1996 2 20
1997 48 20
1998 49 0
1999 4 27
