200
0 52 54
1 79 29
2 102 36
3 196 19
4 190 106
5 6 25
6 40 122
7 20 121
8 248 51
9 45 47
10 228 114
11 134 100
12 178 106
13 38 78
14 244 120
15 39 65
16 130 32
17 67 113
18 189 51
19 68 58
20 160 123
21 217 6
22 142 20
23 127 108
24 45 32
25 156 29
26 54 93
27 162 63
28 209 92
29 138 25
30 186 82
31 204 0
32 200 103
33 96 49
34 188 65
35 215 107
36 58 80
37 221 46
38 215 39
39 21 76
40 179 3
41 45 124
42 102 114
43 205 63
44 142 53
45 146 7
46 199 9
47 202 22
48 96 17
49 70 25
50 232 121
51 135 97
52 187 84
53 152 123
54 79 86
55 143 67
56 143 80
57 228 71
58 190 117
59 8 13
60 141 88
61 39 73
62 212 73
63 126 59
64 178 51
65 62 121
66 18 7
67 250 60
68 65 27
69 62 68
70 175 71
71 246 23
72 86 49
73 135 21
74 209 29
75 97 113
76 35 62
77 1 90
78 33 54
79 218 108
80 20 125
81 123 38
82 59 38
83 126 116
84 209 115
85 7 11
86 24 57
87 61 107
88 70 0
89 100 2
90 241 59
91 195 42
92 38 86
93 196 81
94 93 9
95 168 68
96 241 52
97 128 12
98 151 50
99 10 73
100 17 76
101 24 59
102 220 90
103 236 123
104 112 114
105 224 108
106 168 16
107 88 115
108 115 116
109 164 93
110 134 68
111 32 67
112 73 87
113 57 112
114 245 9
115 230 55
116 2 105
117 21 25
118 204 41
119 243 83
120 27 107
121 239 96
122 161 20
123 111 116
124 233 14
125 78 84
126 150 109
127 225 9
128 25 101
129 235 122
130 224 77
131 143 116
132 67 59
133 66 90
134 108 15
135 233 102
136 10 124
137 115 94
138 209 84
139 92 10
140 97 76
141 39 119
142 192 31
143 226 41
144 141 16
145 240 52
146 67 94
147 181 72
148 166 28
149 51 33
150 211 104
151 98 61
152 158 25
153 108 94
154 250 120
155 28 29
156 138 83
157 246 4
158 156 61
159 228 10
160 72 22
161 23 13
162 145 114
163 156 109
164 135 15
165 72 107
166 17 63
167 185 19
168 25 44
169 81 111
170 59 56
171 55 38
172 181 67
173 47 18
174 142 3
175 156 70
176 42 1
177 194 102
178 130 68
179 161 108
180 99 123
181 242 19
182 225 116
183 110 6
184 28 13
185 186 21
186 15 71
187 140 123
188 24 20
189 80 77
190 159 118
191 100 38
192 43 20
193 25 117
194 140 124
195 241 105
196 50 100
197 233 54
198 48 108
199 26 2
