5000
0 42 11
1 41 26
2 29 28
3 16 8
4 25 8
5 48 24
6 39 13
7 7 10
8 25 4
9 39 16
10 7 17
11 8 29
12 16 6
13 41 3
14 13 5
15 2 30
16 35 18
17 17 2
18 50 18
19 39 4
20 44 2
21 3 18
22 13 5
23 27 0
24 0 28
25 31 28
26 50 19
27 40 12
28 5 28
29 21 20
30 23 9
31 22 6
32 27 21
33 36 17
34 4 15
35 37 20
36 28 13
37 17 23
38 35 19
39 9 0
40 48 26
41 29 18
42 24 13
43 35 1
44 49 0
45 31 14
46 14 15
47 12 5
48 36 21
49 21 2
50 29 8
51 6 3
52 27 0
53 17 30
54 22 23
55 12 3
56 42 8
57 16 27
58 9 27
59 7 23
60 34 8
61 31 24
62 13 17
63 26 3
64 40 10
65 38 24
66 40 6
67 42 7
68 14 11
69 11 16
70 27 16
71 12 22
72 23 20
73 12 27
74 15 29
75 8 0
76 47 25
77 8 28
78 3 5
79 23 23
80 49 17
81 21 18
82 1 10
83 3 19
84 34 27
85 11 4
86 35 0
87 4 1
88 34 0
89 48 25
90 43 0
91 35 6
92 28 2
93 47 30
94 7 6
95 45 28
96 0 15
97 14 24
98 39 29
99 15 12
100 15 12
101 49 28
102 6 1
103 2 10
104 49 10
105 48 20
106 43 14
107 38 14
108 27 7
109 29 0
110 1 29
111 7 12
112 25 5
113 40 18
114 22 28
115 33 3
116 24 20
117 47 18
118 22 10
119 42 15
120 16 30
121 5 14
122 43 11
123 22 11
124 36 23
125 31 24
126 31 20
127 47 6
128 25 12
129 10 27
130 5 16
131 25 4
132 37 29
133 22 12
134 20 26
135 2 5
136 24 18
137 16 19
138 12 18
139 26 19
140 2 21
141 12 4
142 42 18
143 8 27
144 23 6
145 49 9
146 28 26
147 14 0
148 42 14
149 11 15
150 29 1
151 13 25
152 25 1
153 0 25
154 29 22
155 18 6
156 5 20
157 15 1
158 0 9
159 44 23
160 23 1
161 13 3
162 20 14
163 23 1
164 46 16
165 19 2
166 50 12
167 33 28
168 49 17
169 10 27
170 49 5
171 43 7
172 45 14
173 47 30
174 19 24
175 22 9
176 15 16
177 5 8
178 49 1
179 6 1
180 38 5
181 28 17
182 49 14
183 36 17
184 34 22
185 7 0
186 2 28
187 35 13
188 33 11
189 46 25
190 50 1
191 30 26
192 4 3
193 6 26
194 11 23
195 15 26
196 12 19
197 44 8
198 26 25
199 13 17
200 38 14
201 18 0
202 13 11
203 35 17
204 33 25
205 2 7
206 43 23
207 12 0
208 46 17
209 28 9
210 4 5
211 0 26
212 31 13
213 28 25
214 20 18
215 47 30
216 11 6
217 28 30
218 18 6
219 22 20
220 21 7
221 5 8
222 7 18
223 7 19
224 32 27
225 41 1
226 24 10
227 17 4
228 18 0
229 48 22
230 43 0
231 0 13
232 49 21
233 15 25
234 40 20
235 17 28
236 4 11
237 21 18
238 11 10
239 40 12
240 36 21
241 24 20
242 6 10
243 27 27
244 26 8
245 6 1
246 43 8
247 34 10
248 10 19
249 12 29
250 46 20
251 40 2
252 16 6
253 35 26
254 38 21
255 23 23
256 9 11
257 33 28
258 16 13
259 31 18
260 27 28
261 44 7
262 48 18
263 29 2
264 37 3
265 3 11
266 38 26
267 20 22
268 36 25
269 40 1
270 4 26
271 35 3
272 12 23
273 45 20
274 46 22
275 7 12
276 9 14
277 50 2
278 9 8
279 6 3
280 16 20
281 4 2
282 6 16
283 13 13
284 29 4
285 31 2
286 10 13
287 10 6
288 49 10
289 42 5
290 46 10
291 22 26
292 32 17
293 0 17
294 35 0
295 29 16
296 40 3
297 1 19
298 12 19
299 33 26
300 22 7
301 45 28
302 43 20
303 19 25
304 18 2
305 14 16
306 2 14
307 39 21
308 30 8
309 6 14
310 22 20
311 15 1
312 6 19
313 47 29
314 13 12
315 11 28
316 31 25
317 49 21
318 20 9
319 20 29
320 24 3
321 18 27
322 5 21
323 44 29
324 18 23
325 26 20
326 0 6
327 35 10
328 47 19
329 14 0
330 12 19
331 4 5
332 26 24
333 14 7
334 16 10
335 45 24
336 43 30
337 4 22
338 40 2
339 13 6
340 39 24
341 44 25
342 11 24
343 6 4
344 41 23
345 23 2
346 27 15
347 37 26
348 42 16
349 27 5
350 39 17
351 14 21
352 19 20
353 24 22
354 50 29
355 41 28
356 23 3
357 35 10
358 26 24
359 47 3
360 27 29
361 5 28
362 26 30
363 28 22
364 0 21
365 1 11
366 16 6
367 44 27
368 41 29
369 20 2
370 12 15
371 18 30
372 33 2
373 28 17
374 5 29
375 33 26
376 38 7
377 4 9
378 4 26
379 23 17
380 28 28
381 31 1
382 1 23
383 21 15
384 1 25
385 28 28
386 2 15
387 42 6
388 13 17
389 27 14
390 39 4
391 29 0
392 33 13
393 12 2
394 49 12
395 45 9
396 47 27
397 6 18
398 36 22
399 3 8
400 37 21
401 8 24
402 14 22
403 37 24
404 1 7
405 44 0
406 43 4
407 0 19
408 17 23
409 46 18
410 27 26
411 32 10
412 12 5
413 27 0
414 38 8
415 44 16
416 10 1
417 38 30
418 16 13
419 0 28
420 11 19
421 49 18
422 22 6
423 48 18
424 35 14
425 16 1
426 23 3
427 30 2
428 5 2
429 28 1
430 31 19
431 13 9
432 4 2
433 10 7
434 45 3
435 18 1
436 4 17
437 2 27
438 47 12
439 20 2
440 35 26
441 40 28
442 18 27
443 26 11
444 40 29
445 46 11
446 19 1
447 34 23
448 49 1
449 21 17
450 3 17
451 31 18
452 37 2
453 2 27
454 43 29
455 24 10
456 42 14
457 0 5
458 24 26
459 18 13
460 13 21
461 11 21
462 24 12
463 42 21
464 32 18
465 14 5
466 41 9
467 3 16
468 40 8
469 17 1
470 8 15
471 6 21
472 18 27
473 38 28
474 36 4
475 5 29
476 8 9
477 42 3
478 25 9
479 3 5
480 37 20
481 21 0
482 21 11
483 27 28
484 3 14
485 37 10
486 49 10
487 37 8
488 22 6
489 13 27
490 26 13
491 5 27
492 44 25
493 34 19
494 27 14
495 4 6
496 16 18
497 11 3
498 27 5
499 5 25
500 13 13
501 20 23
502 6 16
503 28 18
504 34 28
505 17 19
506 15 1
507 49 27
508 3 9
509 12 26
510 25 18
511 20 23
512 23 12
513 31 8
514 11 29
515 0 23
516 34 16
517 42 21
518 22 15
519 45 3
520 37 22
521 13 19
522 34 13
523 34 19
524 47 29
525 35 14
526 5 29
527 33 27
528 29 12
529 27 1
530 29 26
531 13 3
532 18 15
533 50 27
534 16 22
535 50 1
536 36 29
537 42 28
538 14 1
539 39 18
540 35 28
541 6 19
542 3 0
543 37 16
544 16 1
545 44 19
546 21 17
547 28 0
548 13 27
549 4 8
550 6 16
551 25 17
552 39 26
553 33 22
554 17 1
555 50 15
556 11 17
557 8 26
558 9 18
559 3 25
560 49 5
561 7 5
562 13 25
563 21 3
564 13 8
565 30 2
566 47 0
567 46 4
568 37 22
569 37 7
570 38 12
571 24 18
572 12 8
573 48 21
574 35 20
575 32 1
576 47 24
577 30 4
578 3 25
579 11 8
580 33 8
581 11 21
582 11 26
583 9 11
584 10 11
585 6 22
586 16 21
587 4 22
588 17 24
589 48 17
590 37 20
591 26 20
592 12 15
593 3 5
594 8 13
595 34 7
596 26 6
597 6 17
598 36 11
599 34 23
600 44 27
601 38 27
602 4 22
603 50 28
604 34 1
605 23 11
606 31 4
607 14 26
608 42 15
609 30 24
610 19 26
611 14 15
612 45 26
613 22 18
614 7 10
615 22 20
616 12 26
617 33 29
618 44 26
619 48 22
620 24 2
621 17 21
622 17 3
623 50 16
624 31 5
625 0 20
626 40 5
627 33 16
628 2 1
629 15 22
630 48 14
631 34 21
632 28 15
633 50 30
634 39 27
635 42 25
636 15 18
637 8 20
638 43 5
639 47 23
640 1 17
641 40 23
642 25 9
643 49 9
644 36 7
645 28 9
646 14 10
647 25 5
648 15 9
649 23 23
650 8 30
651 11 4
652 35 9
653 8 29
654 5 5
655 50 25
656 3 18
657 15 25
658 32 16
659 22 19
660 3 4
661 23 4
662 42 25
663 16 29
664 43 11
665 50 16
666 34 26
667 11 13
668 48 10
669 25 16
670 32 27
671 8 6
672 14 1
673 49 12
674 5 21
675 28 18
676 47 1
677 36 23
678 31 27
679 15 4
680 5 23
681 21 8
682 40 29
683 22 30
684 17 10
685 3 7
686 6 14
687 20 13
688 31 0
689 46 7
690 44 8
691 18 18
692 40 22
693 7 11
694 11 9
695 46 4
696 43 4
697 36 2
698 38 26
699 33 18
700 14 1
701 10 8
702 50 2
703 24 18
704 5 26
705 37 16
706 34 16
707 36 28
708 4 21
709 45 1
710 26 23
711 13 21
712 24 1
713 30 19
714 46 23
715 0 4
716 19 15
717 18 22
718 42 26
719 19 19
720 12 19
721 6 19
722 31 1
723 20 7
724 10 15
725 36 8
726 30 7
727 49 4
728 21 3
729 42 17
730 30 14
731 15 27
732 1 23
733 11 18
734 30 25
735 32 30
736 30 23
737 21 7
738 6 5
739 45 11
740 24 2
741 25 24
742 3 5
743 47 20
744 28 10
745 0 24
746 4 19
747 27 30
748 20 0
749 48 14
750 31 6
751 47 23
752 7 17
753 3 2
754 35 20
755 42 9
756 42 1
757 21 0
758 40 22
759 37 6
760 2 14
761 44 28
762 15 25
763 3 5
764 10 18
765 21 19
766 35 30
767 39 14
768 43 11
769 4 1
770 20 27
771 41 10
772 37 28
773 33 19
774 14 11
775 29 27
776 5 6
777 0 1
778 3 30
779 37 15
780 41 30
781 48 17
782 30 3
783 20 30
784 44 20
785 21 28
786 35 15
787 18 18
788 45 20
789 26 6
790 5 24
791 39 8
792 21 0
793 14 13
794 15 30
795 33 23
796 38 20
797 38 24
798 41 21
799 9 18
800 10 26
801 38 13
802 47 26
803 6 21
804 0 10
805 1 30
806 15 15
807 25 25
808 33 23
809 4 24
810 47 25
811 24 28
812 27 8
813 14 20
814 28 28
815 48 21
816 14 11
817 46 11
818 20 14
819 47 14
820 14 13
821 41 0
822 3 11
823 25 10
824 22 0
825 48 4
826 11 1
827 44 15
828 19 24
829 41 16
830 42 3
831 28 29
832 25 9
833 7 24
834 26 8
835 1 30
836 25 16
837 29 2
838 6 19
839 48 19
840 47 27
841 46 3
842 33 11
843 36 20
844 4 24
845 28 30
846 18 2
847 22 11
848 40 6
849 17 29
850 26 14
851 38 28
852 22 8
853 32 17
854 39 20
855 45 19
856 6 29
857 30 28
858 17 27
859 39 3
860 3 0
861 25 4
862 38 6
863 33 12
864 16 23
865 4 2
866 46 12
867 32 22
868 21 11
869 25 8
870 39 9
871 25 29
872 45 19
873 10 29
874 39 16
875 29 7
876 7 18
877 37 14
878 14 20
879 5 28
880 41 24
881 22 0
882 25 24
883 39 22
884 22 16
885 47 26
886 31 13
887 32 9
888 16 21
889 20 12
890 25 8
891 17 12
892 20 23
893 25 0
894 11 12
895 24 9
896 3 26
897 31 3
898 13 2
899 24 8
900 22 5
901 27 21
902 30 4
903 43 27
904 47 23
905 49 19
906 29 30
907 15 27
908 28 16
909 15 12
910 15 8
911 47 10
912 4 16
913 34 17
914 22 14
915 29 8
916 16 5
917 13 30
918 26 3
919 7 9
920 7 29
921 18 0
922 20 2
923 12 6
924 19 11
925 6 13
926 21 3
927 25 7
928 50 9
929 48 3
930 25 4
931 50 4
932 22 7
933 28 10
934 28 3
935 41 8
936 12 9
937 49 16
938 19 17
939 8 4
940 36 13
941 26 4
942 45 3
943 50 17
944 44 19
945 32 16
946 0 16
947 46 30
948 15 16
949 7 30
950 49 29
951 41 13
952 9 20
953 11 5
954 31 29
955 29 12
956 32 10
957 9 7
958 21 5
959 13 7
960 17 16
961 10 4
962 37 1
963 18 27
964 24 22
965 33 0
966 38 27
967 41 8
968 14 19
969 11 22
970 13 5
971 7 16
972 20 23
973 31 19
974 40 8
975 29 7
976 12 23
977 14 2
978 25 17
979 31 1
980 5 17
981 7 3
982 40 18
983 42 15
984 16 11
985 35 29
986 27 10
987 20 16
988 12 17
989 38 22
990 1 14
991 40 22
992 28 21
993 33 19
994 9 28
995 25 24
996 19 24
997 46 24
998 10 20
999 48 11
1000 16 22
1001 5 9
1002 39 23
1003 40 6
1004 27 22
1005 31 20
1006 37 16
1007 3 5
1008 49 17
1009 15 1
1010 47 19
1011 48 7
1012 11 14
1013 32 21
1014 7 12
1015 11 3
1016 47 2
1017 27 0
1018 7 6
1019 16 22
1020 30 13
1021 28 6
1022 7 16
1023 34 20
1024 44 12
1025 20 8
1026 32 16
1027 39 20
1028 26 0
1029 26 7
1030 22 28
1031 5 16
1032 12 19
1033 43 5
1034 3 25
1035 31 16
1036 47 21
1037 19 3
1038 36 2
1039 36 19
1040 14 16
1041 23 15
1042 32 12
1043 47 2
1044 4 24
1045 6 12
1046 28 11
1047 32 19
1048 8 6
1049 8 3
1050 19 2
1051 22 17
1052 41 18
1053 3 16
1054 9 23
1055 7 4
1056 37 30
1057 26 18
1058 40 9
1059 6 10
1060 45 24
1061 37 11
1062 42 18
1063 0 2
1064 28 16
1065 6 14
1066 35 15
1067 31 13
1068 37 6
1069 35 17
1070 40 8
1071 16 12
1072 4 25
1073 50 15
1074 19 24
1075 14 13
1076 19 14
1077 23 14
1078 8 2
1079 30 28
1080 14 12
1081 17 30
1082 31 25
1083 2 0
1084 14 16
1085 10 0
1086 36 1
1087 25 23
1088 28 27
1089 23 0
1090 47 9
1091 7 13
1092 44 26
1093 11 1
1094 44 6
1095 1 27
1096 5 6
1097 7 12
1098 15 28
1099 25 14
1100 39 16
1101 7 16
1102 42 5
1103 5 2
1104 26 20
1105 33 11
1106 35 5
1107 42 5
1108 4 13
1109 13 2
1110 6 12
1111 7 5
1112 40 4
1113 39 8
1114 46 25
1115 6 17
1116 9 13
1117 43 10
1118 50 20
1119 15 8
1120 46 28
1121 22 29
1122 24 21
1123 32 17
1124 0 24
1125 44 8
1126 49 27
1127 38 8
1128 4 6
1129 46 8
1130 18 7
1131 44 18
1132 29 30
1133 26 24
1134 49 4
1135 37 29
1136 29 10
1137 7 30
1138 36 25
1139 29 26
1140 21 0
1141 6 16
1142 22 1
1143 16 29
1144 21 13
1145 35 10
1146 23 27
1147 13 28
1148 20 16
1149 38 20
1150 35 24
1151 24 18
1152 38 4
1153 48 9
1154 10 19
1155 26 18
1156 26 8
1157 32 6
1158 21 7
1159 2 30
1160 3 13
1161 9 23
1162 32 7
1163 15 6
1164 22 6
1165 43 12
1166 32 15
1167 36 30
1168 2 21
1169 36 28
1170 48 9
1171 45 11
1172 6 13
1173 26 12
1174 32 10
1175 34 13
1176 39 19
1177 27 18
1178 38 3
1179 0 13
1180 15 30
1181 19 9
1182 17 14
1183 12 14
1184 13 21
1185 43 9
1186 26 17
1187 44 3
1188 19 30
1189 43 17
1190 49 3
1191 18 25
1192 14 5
1193 5 10
1194 38 21
1195 33 20
1196 34 13
1197 5 5
1198 33 9
1199 25 29
1200 10 5
1201 7 30
1202 46 18
1203 38 26
1204 27 7
1205 22 13
1206 44 15
1207 21 8
1208 34 2
1209 10 21
1210 19 26
1211 34 17
1212 17 10
1213 26 29
1214 8 5
1215 16 3
1216 6 29
1217 4 18
1218 6 7
1219 1 8
1220 34 9
1221 39 11
1222 1 18
1223 10 0
1224 22 23
1225 24 14
1226 42 29
1227 3 5
1228 30 9
1229 45 14
1230 23 8
1231 44 21
1232 27 27
1233 49 21
1234 25 26
1235 2 18
1236 22 28
1237 6 10
1238 23 4
1239 2 5
1240 36 3
1241 20 7
1242 11 30
1243 5 13
1244 48 25
1245 36 7
1246 28 22
1247 16 0
1248 1 27
1249 3 23
1250 25 9
1251 32 27
1252 31 6
1253 39 16
1254 27 12
1255 21 1
1256 7 24
1257 50 3
1258 45 0
1259 42 19
1260 20 24
1261 19 11
1262 50 11
1263 37 8
1264 2 4
1265 25 21
1266 20 13
1267 49 13
1268 3 13
1269 26 15
1270 28 10
1271 49 7
1272 39 14
1273 41 3
1274 39 25
1275 9 16
1276 12 8
1277 19 27
1278 20 19
1279 27 18
1280 36 7
1281 36 11
1282 4 3
1283 16 18
1284 15 24
1285 18 20
1286 45 28
1287 22 1
1288 27 13
1289 45 8
1290 36 8
1291 10 8
1292 27 20
1293 19 11
1294 45 21
1295 10 14
1296 1 5
1297 38 7
1298 30 28
1299 21 21
1300 15 29
1301 19 23
1302 44 0
1303 43 0
1304 33 10
1305 8 5
1306 48 24
1307 5 24
1308 19 15
1309 28 21
1310 30 4
1311 27 7
1312 46 18
1313 44 19
1314 6 15
1315 40 11
1316 34 13
1317 6 29
1318 47 1
1319 17 28
1320 16 6
1321 16 5
1322 44 10
1323 40 22
1324 25 14
1325 5 19
1326 7 4
1327 49 28
1328 23 18
1329 27 16
1330 42 29
1331 44 1
1332 4 8
1333 41 22
1334 20 23
1335 3 28
1336 29 24
1337 43 10
1338 35 30
1339 47 4
1340 28 28
1341 39 3
1342 0 8
1343 14 3
1344 6 15
1345 33 23
1346 14 18
1347 24 4
1348 34 8
1349 11 5
1350 17 1
1351 22 0
1352 13 9
1353 34 2
1354 10 25
1355 5 20
1356 37 28
1357 21 27
1358 42 20
1359 3 13
1360 17 30
1361 46 15
1362 47 3
1363 32 14
1364 19 1
1365 44 30
1366 37 20
1367 28 18
1368 46 15
1369 13 7
1370 45 23
1371 29 12
1372 16 12
1373 25 17
1374 22 9
1375 45 20
1376 8 22
1377 7 12
1378 11 17
1379 40 27
1380 19 16
1381 50 7
1382 49 26
1383 26 22
1384 41 22
1385 3 1
1386 43 20
1387 41 11
1388 36 20
1389 9 11
1390 41 5
1391 11 10
1392 2 13
1393 39 26
1394 20 15
1395 46 13
1396 16 4
1397 46 14
1398 29 15
1399 4 18
1400 48 27
1401 3 30
1402 0 9
1403 4 27
1404 18 24
1405 11 14
1406 7 3
1407 36 10
1408 6 4
1409 28 19
1410 42 15
1411 46 9
1412 40 24
1413 32 12
1414 36 16
1415 24 11
1416 27 1
1417 8 11
1418 37 26
1419 24 11
1420 43 2
1421 47 1
1422 7 17
1423 40 5
1424 48 19
1425 47 17
1426 36 8
1427 16 3
1428 6 4
1429 40 9
1430 39 21
1431 47 3
1432 19 7
1433 41 22
1434 3 7
1435 35 30
1436 12 18
1437 31 0
1438 9 15
1439 43 6
1440 0 26
1441 14 29
1442 42 2
1443 49 1
1444 17 24
1445 39 9
1446 24 18
1447 28 17
1448 37 4
1449 12 11
1450 44 13
1451 1 20
1452 41 19
1453 30 7
1454 17 30
1455 27 24
1456 5 1
1457 50 11
1458 8 3
1459 43 12
1460 5 27
1461 14 12
1462 4 10
1463 36 6
1464 33 28
1465 50 7
1466 6 18
1467 16 23
1468 38 8
1469 37 16
1470 0 16
1471 12 15
1472 24 13
1473 35 13
1474 14 9
1475 20 20
1476 38 28
1477 4 2
1478 41 9
1479 20 18
1480 17 7
1481 31 29
1482 46 24
1483 11 28
1484 21 14
1485 24 21
1486 9 14
1487 16 29
1488 20 17
1489 24 23
1490 8 16
1491 20 18
1492 9 3
1493 8 18
1494 35 28
1495 2 9
1496 19 14
1497 4 10
1498 19 12
1499 16 24
1500 22 29
1501 48 6
1502 11 0
1503 35 30
1504 15 13
1505 44 11
1506 6 15
1507 3 4
1508 39 22
1509 9 8
1510 12 0
1511 4 17
1512 13 26
1513 26 25
1514 15 4
1515 40 8
1516 25 29
1517 27 29
1518 19 18
1519 32 11
1520 46 9
1521 50 16
1522 34 19
1523 34 28
1524 29 18
1525 24 29
1526 49 1
1527 4 22
1528 39 2
1529 34 29
1530 39 20
1531 10 10
1532 23 22
1533 22 30
1534 15 30
1535 44 7
1536 49 26
1537 39 1
1538 34 28
1539 11 28
1540 39 11
1541 37 0
1542 7 21
1543 0 8
1544 49 25
1545 48 7
1546 2 28
1547 11 1
1548 33 21
1549 31 0
1550 27 6
1551 9 27
1552 0 29
1553 19 30
1554 16 19
1555 29 6
1556 15 24
1557 33 27
1558 49 9
1559 18 5
1560 46 24
1561 30 1
1562 8 21
1563 19 21
1564 6 25
1565 4 19
1566 25 19
1567 17 30
1568 15 28
1569 36 18
1570 7 1
1571 21 24
1572 3 10
1573 39 23
1574 38 18
1575 4 17
1576 19 6
1577 50 23
1578 30 14
1579 15 6
1580 3 18
1581 45 11
1582 31 3
1583 22 12
1584 34 30
1585 0 17
1586 1 9
1587 26 23
1588 40 14
1589 16 1
1590 43 27
1591 8 25
1592 38 29
1593 34 8
1594 24 16
1595 18 11
1596 11 1
1597 34 10
1598 31 12
1599 5 8
1600 49 24
1601 4 0
1602 5 22
1603 19 29
1604 32 16
1605 32 1
1606 29 12
1607 12 30
1608 22 4
1609 40 17
1610 33 22
1611 7 22
1612 17 20
1613 15 19
1614 7 10
1615 46 14
1616 16 24
1617 39 6
1618 30 10
1619 15 18
1620 24 17
1621 46 6
1622 43 11
1623 23 5
1624 16 20
1625 31 19
1626 35 23
1627 20 28
1628 21 26
1629 8 15
1630 7 15
1631 5 4
1632 34 13
1633 1 22
1634 33 19
1635 18 30
1636 26 21
1637 28 25
1638 8 17
1639 7 15
1640 27 1
1641 14 22
1642 35 18
1643 30 25
1644 26 17
1645 37 20
1646 4 6
1647 48 25
1648 2 9
1649 28 6
1650 1 13
1651 36 29
1652 39 24
1653 32 19
1654 26 8
1655 25 30
1656 16 6
1657 9 13
1658 42 7
1659 29 12
1660 44 14
1661 1 0
1662 35 26
1663 36 19
1664 26 2
1665 39 14
1666 48 11
1667 44 14
1668 32 16
1669 44 29
1670 30 22
1671 34 19
1672 21 5
1673 8 0
1674 3 15
1675 33 29
1676 12 25
1677 33 27
1678 3 3
1679 8 17
1680 35 11
1681 6 11
1682 17 7
1683 2 11
1684 6 9
1685 12 10
1686 26 22
1687 39 9
1688 42 0
1689 32 22
1690 43 29
1691 16 18
1692 43 30
1693 14 2
1694 27 14
1695 21 7
1696 4 3
1697 32 5
1698 47 28
1699 9 21
1700 36 18
1701 36 19
1702 40 17
1703 34 29
1704 20 17
1705 36 23
1706 48 12
1707 6 12
1708 29 21
1709 49 19
1710 6 21
1711 39 25
1712 32 24
1713 22 8
1714 19 8
1715 49 28
1716 26 26
1717 2 26
1718 18 18
1719 20 23
1720 18 4
1721 10 5
1722 47 19
1723 10 21
1724 47 17
1725 6 30
1726 46 18
1727 40 19
1728 28 5
1729 6 16
1730 31 16
1731 20 19
1732 16 7
1733 38 10
1734 12 22
1735 11 19
1736 39 5
1737 32 4
1738 25 11
1739 5 3
1740 30 9
1741 35 0
1742 36 14
1743 21 21
1744 13 1
1745 38 7
1746 23 27
1747 21 12
1748 43 10
1749 25 24
1750 31 18
1751 14 9
1752 22 26
1753 44 19
1754 6 10
1755 0 4
1756 40 17
1757 1 8
1758 34 30
1759 15 21
1760 48 23
1761 10 17
1762 13 0
1763 0 0
1764 10 18
1765 26 9
1766 15 30
1767 2 3
1768 17 13
1769 8 6
1770 40 24
1771 2 11
1772 46 15
1773 18 14
1774 0 9
1775 49 26
1776 4 28
1777 23 0
1778 15 25
1779 6 16
1780 3 22
1781 23 13
1782 31 20
1783 20 25
1784 34 10
1785 28 1
1786 41 20
1787 36 8
1788 34 18
1789 14 1
1790 38 21
1791 20 12
1792 35 20
1793 45 18
1794 28 22
1795 11 18
1796 34 27
1797 33 3
1798 18 29
1799 50 29
1800 45 17
1801 4 10
1802 24 19
1803 24 2
1804 6 12
1805 31 30
1806 35 5
1807 27 10
1808 16 17
1809 7 9
1810 50 17
1811 45 26
1812 34 29
1813 30 3
1814 50 24
1815 35 19
1816 0 19
1817 24 8
1818 30 12
1819 47 3
1820 38 1
1821 7 28
1822 14 26
1823 22 2
1824 7 2
1825 34 26
1826 39 19
1827 33 16
1828 12 30
1829 20 5
1830 35 18
1831 6 17
1832 1 1
1833 40 9
1834 46 0
1835 5 17
1836 49 1
1837 49 15
1838 21 27
1839 39 27
1840 33 25
1841 19 23
1842 25 0
1843 32 11
1844 11 7
1845 40 7
1846 29 10
1847 0 19
1848 49 18
1849 37 25
1850 2 25
1851 28 9
1852 24 1
1853 46 4
1854 19 20
1855 21 17
1856 38 30
1857 24 8
1858 22 19
1859 45 21
1860 23 17
1861 42 19
1862 39 19
1863 17 24
1864 33 30
1865 34 1
1866 36 0
1867 15 22
1868 35 27
1869 5 27
1870 38 5
1871 15 5
1872 5 30
1873 7 2
1874 17 3
1875 1 4
1876 39 2
1877 4 8
1878 17 7
1879 6 6
1880 21 1
1881 49 12
1882 26 1
1883 22 22
1884 44 17
1885 31 25
1886 27 20
1887 41 1
1888 4 6
1889 3 8
1890 7 20
1891 15 8
1892 8 22
1893 46 4
1894 38 11
1895 10 2
1896 11 30
1897 26 29
1898 23 5
1899 34 22
1900 20 21
1901 12 18
1902 35 19
1903 8 17
1904 24 19
1905 38 14
1906 18 25
1907 48 11
1908 49 20
1909 46 7
1910 7 13
1911 44 6
1912 2 7
1913 5 3
1914 14 19
1915 21 2
1916 18 13
1917 33 4
1918 4 29
1919 4 24
1920 7 23
1921 42 5
1922 18 25
1923 34 16
1924 0 10
1925 24 6
1926 36 1
1927 17 10
1928 15 6
1929 44 22
1930 3 10
1931 11 19
1932 41 19
1933 21 28
1934 26 17
1935 4 28
1936 50 8
1937 17 26
1938 10 15
1939 26 6
1940 45 9
1941 14 1
1942 41 16
1943 22 26
1944 12 2
1945 32 27
1946 11 10
1947 46 15
1948 50 23
1949 11 6
1950 21 7
1951 3 22
1952 2 28
1953 15 21
1954 0 12
1955 6 23
1956 33 19
1957 46 15
1958 33 19
1959 11 2
1960 47 12
1961 6 30
1962 50 8
1963 26 28
1964 11 15
1965 42 25
1966 24 23
1967 45 0
1968 16 10
1969 46 24
1970 25 30
1971 47 24
1972 41 10
1973 6 27
1974 29 7
1975 7 19
1976 30 13
1977 21 7
1978 28 7
1979 23 0
1980 48 12
1981 19 19
1982 1 26
1983 42 25
1984 47 8
1985 9 1
1986 46 12
1987 29 8
1988 50 18
1989 4 6
1990 10 3
1991 24 15
1992 14 16
1993 45 13
1994 22 26
1995 22 9
1996 8 19
1997 9 20
1998 44 20
1999 13 21
2000 33 2
2001 40 21
2002 47 2
2003 14 18
2004 41 2
2005 6 0
2006 27 1
2007 31 15
2008 4 30
2009 19 20
2010 2 16
2011 1 28
2012 3 6
2013 17 20
2014 28 0
2015 11 11
2016 15 20
2017 2 9
2018 50 7
2019 24 29
2020 39 18
2021 4 28
2022 32 28
2023 14 0
2024 38 10
2025 30 11
2026 46 25
2027 6 0
2028 17 4
2029 37 13
2030 36 2
2031 19 28
2032 12 19
2033 23 9
2034 44 6
2035 23 25
2036 17 30
2037 31 1
2038 39 3
2039 14 7
2040 27 21
2041 1 1
2042 7 20
2043 20 25
2044 9 11
2045 41 22
2046 18 5
2047 18 29
2048 47 18
2049 31 24
2050 29 25
2051 39 5
2052 18 19
2053 0 13
2054 2 10
2055 48 23
2056 3 13
2057 15 18
2058 22 30
2059 17 30
2060 2 6
2061 47 8
2062 10 28
2063 43 24
2064 7 0
2065 18 10
2066 7 1
2067 25 2
2068 41 25
2069 24 22
2070 18 16
2071 42 28
2072 17 4
2073 3 6
2074 38 24
2075 42 16
2076 24 0
2077 30 25
2078 14 11
2079 26 26
2080 45 24
2081 46 25
2082 21 4
2083 6 10
2084 32 19
2085 23 8
2086 22 28
2087 32 29
2088 3 19
2089 48 30
2090 36 16
2091 11 12
2092 4 15
2093 10 11
2094 27 7
2095 33 14
2096 4 15
2097 17 14
2098 32 10
2099 38 25
2100 25 14
2101 24 5
2102 45 18
2103 29 11
2104 33 2
2105 1 20
2106 5 7
2107 4 11
2108 20 2
2109 18 10
2110 19 11
2111 30 7
2112 50 1
2113 23 29
2114 29 17
2115 10 18
2116 1 28
2117 40 27
2118 50 10
2119 40 18
2120 2 10
2121 39 28
2122 50 22
2123 49 22
2124 28 6
2125 24 24
2126 39 1
2127 20 11
2128 35 27
2129 19 7
2130 45 8
2131 2 7
2132 34 6
2133 3 18
2134 38 17
2135 50 23
2136 40 24
2137 12 24
2138 36 20
2139 36 0
2140 14 24
2141 13 20
2142 5 13
2143 26 0
2144 25 28
2145 7 17
2146 18 6
2147 44 19
2148 30 25
2149 16 18
2150 17 30
2151 32 24
2152 46 0
2153 8 4
2154 20 27
2155 6 12
2156 17 7
2157 47 24
2158 0 27
2159 38 26
2160 28 28
2161 13 10
2162 44 19
2163 14 1
2164 45 12
2165 9 7
2166 13 17
2167 49 21
2168 40 25
2169 30 30
2170 12 28
2171 33 19
2172 42 20
2173 27 19
2174 12 14
2175 15 16
2176 10 1
2177 33 25
2178 50 27
2179 45 8
2180 47 26
2181 50 25
2182 39 19
2183 43 20
2184 40 1
2185 19 28
2186 27 6
2187 4 22
2188 25 29
2189 29 5
2190 50 25
2191 24 20
2192 41 30
2193 0 22
2194 10 30
2195 36 2
2196 41 21
2197 14 30
2198 8 22
2199 48 1
2200 13 3
2201 44 27
2202 19 22
2203 49 29
2204 4 6
2205 24 17
2206 3 21
2207 15 29
2208 34 0
2209 26 26
2210 27 2
2211 36 17
2212 44 21
2213 47 1
2214 19 5
2215 14 26
2216 34 26
2217 19 5
2218 10 18
2219 31 4
2220 6 5
2221 44 25
2222 30 25
2223 37 17
2224 23 11
2225 21 6
2226 7 14
2227 50 9
2228 50 14
2229 10 13
2230 32 29
2231 1 11
2232 29 30
2233 22 5
2234 36 30
2235 27 5
2236 25 16
2237 37 27
2238 2 17
2239 32 4
2240 13 27
2241 3 27
2242 27 11
2243 33 12
2244 25 6
2245 49 13
2246 2 25
2247 27 2
2248 25 26
2249 45 13
2250 20 6
2251 19 30
2252 42 20
2253 12 8
2254 15 18
2255 44 0
2256 18 23
2257 1 22
2258 25 1
2259 17 23
2260 48 1
2261 17 2
2262 44 26
2263 40 0
2264 19 13
2265 48 19
2266 30 13
2267 6 8
2268 50 3
2269 8 30
2270 48 24
2271 36 2
2272 47 29
2273 5 16
2274 15 17
2275 39 25
2276 41 11
2277 5 11
2278 17 24
2279 14 20
2280 31 0
2281 29 25
2282 6 10
2283 4 18
2284 10 10
2285 48 26
2286 1 3
2287 43 14
2288 6 7
2289 2 19
2290 11 4
2291 1 1
2292 35 17
2293 1 30
2294 8 4
2295 22 24
2296 23 17
2297 35 22
2298 20 4
2299 48 8
2300 22 16
2301 0 29
2302 1 4
2303 13 17
2304 46 13
2305 39 12
2306 39 25
2307 43 10
2308 6 27
2309 22 22
2310 21 5
2311 11 28
2312 32 1
2313 23 14
2314 43 7
2315 11 1
2316 45 17
2317 45 24
2318 7 1
2319 6 5
2320 10 10
2321 15 15
2322 14 20
2323 41 0
2324 35 13
2325 16 30
2326 18 1
2327 1 30
2328 13 1
2329 38 17
2330 36 22
2331 48 14
2332 50 14
2333 47 5
2334 30 27
2335 13 30
2336 2 0
2337 31 2
2338 8 15
2339 17 19
2340 3 24
2341 43 4
2342 49 30
2343 47 26
2344 47 18
2345 0 8
2346 16 9
2347 41 2
2348 10 3
2349 30 14
2350 2 27
2351 38 1
2352 32 2
2353 2 8
2354 48 4
2355 48 30
2356 39 4
2357 44 19
2358 41 27
2359 21 0
2360 0 3
2361 4 29
2362 30 23
2363 23 14
2364 37 26
2365 50 3
2366 31 2
2367 27 12
2368 41 0
2369 20 26
2370 32 18
2371 38 22
2372 31 10
2373 19 7
2374 22 23
2375 4 28
2376 9 5
2377 7 19
2378 25 14
2379 40 22
2380 48 4
2381 32 3
2382 4 28
2383 50 4
2384 48 28
2385 40 12
2386 20 0
2387 8 10
2388 36 14
2389 14 2
2390 10 18
2391 37 30
2392 19 4
2393 9 7
2394 36 18
2395 49 11
2396 24 5
2397 45 19
2398 21 4
2399 8 12
2400 45 12
2401 49 30
2402 19 3
2403 28 28
2404 31 29
2405 17 17
2406 11 30
2407 19 14
2408 3 1
2409 27 9
2410 48 0
2411 15 12
2412 3 9
2413 40 19
2414 32 23
2415 17 1
2416 21 30
2417 13 6
2418 48 9
2419 7 25
2420 34 10
2421 47 24
2422 25 24
2423 17 2
2424 49 12
2425 20 3
2426 46 0
2427 36 5
2428 21 29
2429 48 20
2430 10 11
2431 41 23
2432 42 20
2433 19 13
2434 28 11
2435 0 30
2436 45 2
2437 49 14
2438 37 24
2439 28 27
2440 26 17
2441 18 0
2442 11 11
2443 17 6
2444 43 19
2445 44 6
2446 33 26
2447 35 12
2448 28 13
2449 4 12
2450 30 25
2451 4 17
2452 9 8
2453 36 2
2454 19 29
2455 7 30
2456 31 8
2457 40 17
2458 47 6
2459 17 26
2460 5 5
2461 32 12
2462 37 11
2463 17 29
2464 12 5
2465 6 23
2466 19 29
2467 16 5
2468 1 17
2469 49 10
2470 22 19
2471 3 22
2472 1 29
2473 41 1
2474 1 27
2475 4 29
2476 8 8
2477 12 21
2478 16 16
2479 28 8
2480 12 25
2481 29 12
2482 38 25
2483 36 23
2484 11 19
2485 14 18
2486 48 20
2487 0 14
2488 15 19
2489 9 22
2490 25 18
2491 37 0
2492 30 23
2493 15 7
2494 46 13
2495 19 14
2496 29 3
2497 12 21
2498 11 25
2499 17 3
2500 41 13
2501 8 4
2502 21 12
2503 17 0
2504 46 5
2505 34 0
2506 13 4
2507 11 12
2508 4 26
2509 25 25
2510 1 2
2511 46 6
2512 10 15
2513 27 13
2514 26 3
2515 3 28
2516 9 1
2517 26 18
2518 47 22
2519 5 5
2520 8 29
2521 5 6
2522 50 13
2523 2 22
2524 29 12
2525 44 8
2526 44 29
2527 1 24
2528 27 15
2529 26 27
2530 27 12
2531 26 5
2532 12 24
2533 1 19
2534 45 26
2535 17 14
2536 24 9
2537 26 24
2538 50 19
2539 25 23
2540 15 23
2541 15 5
2542 45 6
2543 20 13
2544 18 13
2545 1 17
2546 27 7
2547 20 26
2548 5 23
2549 6 24
2550 6 8
2551 43 18
2552 38 24
2553 7 0
2554 44 7
2555 17 25
2556 21 26
2557 28 24
2558 44 30
2559 47 14
2560 3 8
2561 45 8
2562 14 13
2563 39 4
2564 17 6
2565 50 12
2566 47 29
2567 11 19
2568 4 0
2569 39 2
2570 50 12
2571 4 28
2572 6 9
2573 26 21
2574 45 29
2575 37 22
2576 0 0
2577 21 4
2578 13 0
2579 45 13
2580 24 6
2581 25 4
2582 30 7
2583 46 15
2584 22 24
2585 14 21
2586 45 8
2587 39 12
2588 42 15
2589 31 18
2590 1 24
2591 28 7
2592 26 18
2593 29 6
2594 25 15
2595 47 8
2596 20 17
2597 9 12
2598 20 21
2599 37 22
2600 22 19
2601 41 16
2602 12 4
2603 44 16
2604 10 11
2605 27 3
2606 32 17
2607 21 14
2608 50 0
2609 27 0
2610 29 25
2611 41 26
2612 28 13
2613 23 15
2614 33 12
2615 15 3
2616 25 17
2617 49 30
2618 40 6
2619 36 29
2620 32 12
2621 24 7
2622 9 18
2623 31 12
2624 35 25
2625 35 28
2626 43 6
2627 41 29
2628 19 2
2629 48 16
2630 49 24
2631 32 25
2632 30 9
2633 45 0
2634 21 28
2635 40 20
2636 35 2
2637 9 18
2638 17 1
2639 38 17
2640 2 20
2641 37 29
2642 10 26
2643 20 1
2644 48 13
2645 39 6
2646 2 3
2647 2 1
2648 46 13
2649 39 25
2650 17 1
2651 12 26
2652 39 8
2653 11 20
2654 41 26
2655 4 3
2656 33 23
2657 47 20
2658 17 10
2659 45 13
2660 6 18
2661 14 0
2662 35 24
2663 29 5
2664 11 4
2665 16 3
2666 12 12
2667 0 14
2668 7 11
2669 18 2
2670 49 7
2671 32 20
2672 33 5
2673 36 24
2674 34 13
2675 44 21
2676 41 0
2677 28 17
2678 11 22
2679 36 27
2680 35 23
2681 17 30
2682 44 21
2683 44 2
2684 5 23
2685 18 10
2686 18 4
2687 13 7
2688 40 30
2689 40 7
2690 23 0
2691 16 12
2692 34 7
2693 15 16
2694 3 21
2695 33 6
2696 37 13
2697 13 26
2698 42 25
2699 1 9
2700 15 1
2701 30 3
2702 46 8
2703 20 4
2704 29 10
2705 40 14
2706 40 3
2707 42 1
2708 23 6
2709 43 12
2710 41 6
2711 42 29
2712 50 27
2713 41 2
2714 46 4
2715 17 11
2716 36 18
2717 5 25
2718 28 23
2719 41 20
2720 2 5
2721 19 12
2722 35 16
2723 22 5
2724 7 5
2725 13 18
2726 23 16
2727 7 8
2728 22 29
2729 9 27
2730 4 21
2731 9 18
2732 26 6
2733 32 8
2734 8 8
2735 1 25
2736 31 0
2737 37 8
2738 20 3
2739 23 17
2740 7 13
2741 42 18
2742 30 6
2743 20 19
2744 9 20
2745 43 0
2746 2 9
2747 50 11
2748 21 8
2749 50 20
2750 14 23
2751 17 17
2752 50 30
2753 7 17
2754 42 0
2755 6 5
2756 12 28
2757 27 13
2758 49 29
2759 18 6
2760 50 9
2761 32 15
2762 47 2
2763 12 10
2764 50 22
2765 27 8
2766 4 5
2767 44 1
2768 7 13
2769 49 23
2770 29 9
2771 4 13
2772 39 0
2773 6 7
2774 37 19
2775 12 8
2776 29 30
2777 44 23
2778 13 3
2779 9 23
2780 15 22
2781 45 9
2782 7 10
2783 42 7
2784 49 23
2785 24 2
2786 7 10
2787 9 27
2788 3 7
2789 2 26
2790 0 16
2791 38 6
2792 10 1
2793 47 19
2794 4 9
2795 28 28
2796 43 28
2797 11 13
2798 39 19
2799 36 8
2800 49 30
2801 14 4
2802 45 25
2803 43 27
2804 19 14
2805 0 19
2806 4 24
2807 43 26
2808 26 24
2809 23 2
2810 24 6
2811 13 5
2812 49 7
2813 9 0
2814 33 6
2815 45 15
2816 36 4
2817 10 12
2818 25 22
2819 27 10
2820 2 21
2821 41 15
2822 16 12
2823 3 4
2824 14 15
2825 25 11
2826 23 14
2827 41 28
2828 48 28
2829 42 8
2830 43 15
2831 9 16
2832 44 11
2833 39 10
2834 50 14
2835 10 14
2836 16 14
2837 8 16
2838 29 27
2839 40 10
2840 40 1
2841 25 1
2842 27 13
2843 22 6
2844 12 17
2845 34 28
2846 1 11
2847 23 10
2848 48 28
2849 45 12
2850 26 11
2851 1 2
2852 46 2
2853 45 1
2854 4 13
2855 30 27
2856 29 15
2857 26 0
2858 32 20
2859 36 5
2860 43 18
2861 2 10
2862 29 28
2863 16 19
2864 11 20
2865 6 28
2866 44 1
2867 13 3
2868 41 15
2869 31 8
2870 44 0
2871 20 20
2872 36 11
2873 41 16
2874 26 22
2875 5 28
2876 18 26
2877 3 27
2878 14 30
2879 37 13
2880 22 8
2881 41 30
2882 50 8
2883 14 28
2884 31 5
2885 18 15
2886 35 5
2887 36 25
2888 23 17
2889 0 8
2890 34 22
2891 17 6
2892 48 6
2893 15 8
2894 19 8
2895 9 7
2896 36 30
2897 22 29
2898 35 15
2899 32 13
2900 11 26
2901 25 16
2902 42 18
2903 23 16
2904 46 5
2905 49 10
2906 33 2
2907 47 16
2908 13 2
2909 23 24
2910 20 21
2911 50 11
2912 37 19
2913 21 20
2914 12 23
2915 8 17
2916 16 18
2917 9 9
2918 19 7
2919 23 29
2920 32 30
2921 16 21
2922 46 1
2923 28 8
2924 2 25
2925 9 1
2926 48 16
2927 18 23
2928 16 1
2929 24 27
2930 32 21
2931 39 21
2932 26 2
2933 41 26
2934 16 24
2935 44 30
2936 38 30
2937 44 0
2938 28 14
2939 20 30
2940 9 30
2941 17 16
2942 19 0
2943 22 24
2944 5 23
2945 26 1
2946 24 19
2947 35 1
2948 21 29
2949 8 21
2950 27 23
2951 3 9
2952 31 16
2953 36 3
2954 33 17
2955 21 18
2956 41 14
2957 46 12
2958 0 5
2959 44 21
2960 34 3
2961 22 11
2962 12 19
2963 15 3
2964 24 0
2965 19 24
2966 38 6
2967 4 29
2968 33 15
2969 8 4
2970 35 28
2971 10 28
2972 24 10
2973 8 4
2974 7 25
2975 9 2
2976 42 22
2977 39 12
2978 21 24
2979 35 16
2980 27 19
2981 35 2
2982 8 17
2983 15 19
2984 14 16
2985 50 20
2986 43 4
2987 35 9
2988 20 3
2989 42 28
2990 5 16
2991 1 7
2992 39 10
2993 45 20
2994 27 4
2995 21 11
2996 7 3
2997 34 11
2998 34 2
2999 42 2
3000 27 5
3001 27 11
3002 50 27
3003 6 27
3004 23 12
3005 15 30
3006 10 1
3007 9 7
3008 25 25
3009 21 0
3010 36 14
3011 4 19
3012 39 5
3013 45 30
3014 35 7
3015 22 3
3016 14 14
3017 26 20
3018 27 7
3019 33 15
3020 16 3
3021 21 13
3022 46 5
3023 25 18
3024 28 29
3025 16 23
3026 12 18
3027 46 20
3028 0 10
3029 7 11
3030 29 24
3031 5 14
3032 11 22
3033 47 11
3034 36 1
3035 31 8
3036 19 21
3037 26 26
3038 35 16
3039 35 28
3040 19 22
3041 9 5
3042 38 29
3043 4 2
3044 11 11
3045 41 25
3046 27 2
3047 32 8
3048 25 0
3049 38 15
3050 23 25
3051 10 3
3052 3 25
3053 48 2
3054 7 6
3055 6 11
3056 50 8
3057 27 28
3058 16 0
3059 43 24
3060 48 14
3061 38 27
3062 47 1
3063 43 3
3064 3 6
3065 29 17
3066 26 4
3067 26 9
3068 47 19
3069 23 9
3070 25 15
3071 3 6
3072 43 14
3073 35 29
3074 18 3
3075 4 10
3076 25 10
3077 26 24
3078 4 22
3079 0 20
3080 17 8
3081 39 20
3082 4 27
3083 21 25
3084 30 19
3085 27 15
3086 37 9
3087 29 13
3088 44 24
3089 40 18
3090 12 27
3091 6 19
3092 50 7
3093 50 27
3094 6 17
3095 11 23
3096 32 2
3097 13 15
3098 30 12
3099 10 1
3100 2 3
3101 36 16
3102 33 2
3103 43 9
3104 45 4
3105 21 2
3106 41 24
3107 46 18
3108 22 12
3109 47 21
3110 38 25
3111 25 2
3112 5 24
3113 26 15
3114 0 24
3115 6 26
3116 32 1
3117 22 24
3118 43 5
3119 35 22
3120 17 11
3121 33 23
3122 46 19
3123 17 27
3124 32 9
3125 8 20
3126 45 23
3127 26 10
3128 14 9
3129 18 5
3130 46 25
3131 30 15
3132 45 11
3133 14 29
3134 21 11
3135 4 26
3136 17 12
3137 7 18
3138 13 14
3139 44 4
3140 19 27
3141 44 21
3142 34 10
3143 23 23
3144 9 3
3145 42 19
3146 18 28
3147 15 18
3148 40 25
3149 21 22
3150 38 7
3151 29 29
3152 48 6
3153 44 13
3154 21 23
3155 16 0
3156 24 2
3157 39 30
3158 27 6
3159 4 8
3160 1 5
3161 1 12
3162 11 10
3163 43 24
3164 5 28
3165 39 5
3166 37 14
3167 37 27
3168 5 13
3169 43 19
3170 13 27
3171 6 0
3172 44 10
3173 45 12
3174 5 11
3175 35 29
3176 44 27
3177 41 7
3178 14 24
3179 10 2
3180 48 13
3181 17 2
3182 45 29
3183 5 23
3184 29 25
3185 25 18
3186 39 9
3187 36 12
3188 28 11
3189 48 8
3190 13 30
3191 32 4
3192 37 25
3193 12 25
3194 50 23
3195 15 17
3196 20 17
3197 22 15
3198 34 19
3199 8 5
3200 46 1
3201 41 22
3202 26 22
3203 7 1
3204 12 5
3205 36 6
3206 44 30
3207 36 15
3208 24 15
3209 46 2
3210 14 15
3211 8 21
3212 36 26
3213 26 28
3214 47 15
3215 6 11
3216 25 28
3217 4 19
3218 28 12
3219 23 19
3220 0 29
3221 2 30
3222 2 15
3223 13 0
3224 42 14
3225 11 14
3226 39 9
3227 46 28
3228 1 19
3229 18 1
3230 4 18
3231 23 17
3232 10 25
3233 43 2
3234 31 12
3235 18 12
3236 42 20
3237 27 14
3238 13 28
3239 1 13
3240 3 5
3241 21 25
3242 17 9
3243 40 16
3244 25 18
3245 0 25
3246 23 21
3247 35 16
3248 21 26
3249 19 18
3250 15 16
3251 10 21
3252 31 12
3253 20 20
3254 49 28
3255 12 26
3256 44 29
3257 15 2
3258 17 23
3259 45 0
3260 49 15
3261 28 3
3262 33 22
3263 3 21
3264 45 10
3265 37 1
3266 40 6
3267 30 26
3268 31 11
3269 3 17
3270 21 22
3271 22 1
3272 24 2
3273 11 8
3274 5 12
3275 30 3
3276 15 30
3277 11 21
3278 5 22
3279 42 23
3280 1 24
3281 25 6
3282 18 21
3283 19 3
3284 31 25
3285 29 22
3286 23 27
3287 6 18
3288 15 22
3289 24 28
3290 40 8
3291 37 5
3292 20 25
3293 42 14
3294 14 1
3295 31 13
3296 42 23
3297 35 12
3298 23 16
3299 14 4
3300 46 13
3301 17 20
3302 29 9
3303 31 1
3304 17 1
3305 6 30
3306 43 17
3307 20 5
3308 36 28
3309 6 13
3310 14 3
3311 5 13
3312 27 18
3313 2 24
3314 36 29
3315 30 2
3316 4 3
3317 22 4
3318 42 10
3319 1 28
3320 18 14
3321 50 30
3322 15 4
3323 32 3
3324 21 19
3325 46 5
3326 27 27
3327 50 28
3328 29 25
3329 30 18
3330 32 1
3331 5 29
3332 10 14
3333 20 0
3334 8 17
3335 13 10
3336 8 9
3337 14 9
3338 14 1
3339 29 18
3340 22 0
3341 18 4
3342 27 24
3343 39 3
3344 25 4
3345 25 6
3346 34 23
3347 50 9
3348 3 9
3349 41 2
3350 30 13
3351 20 5
3352 31 5
3353 14 25
3354 7 17
3355 39 9
3356 7 22
3357 24 18
3358 44 7
3359 24 25
3360 43 0
3361 19 24
3362 9 10
3363 24 12
3364 18 1
3365 22 29
3366 37 6
3367 37 7
3368 40 16
3369 21 10
3370 22 11
3371 27 29
3372 48 11
3373 8 4
3374 50 2
3375 43 1
3376 2 13
3377 34 24
3378 25 13
3379 36 2
3380 44 18
3381 34 5
3382 48 24
3383 28 29
3384 41 3
3385 18 1
3386 35 15
3387 4 29
3388 9 30
3389 26 18
3390 20 26
3391 17 25
3392 1 11
3393 18 3
3394 34 1
3395 21 20
3396 18 23
3397 39 6
3398 14 8
3399 15 22
3400 40 22
3401 10 9
3402 44 11
3403 50 2
3404 30 18
3405 38 4
3406 17 19
3407 13 12
3408 46 18
3409 50 10
3410 13 20
3411 24 25
3412 17 25
3413 13 15
3414 46 14
3415 23 10
3416 8 5
3417 44 21
3418 26 16
3419 31 10
3420 5 16
3421 20 2
3422 44 16
3423 40 19
3424 21 18
3425 5 26
3426 23 22
3427 16 6
3428 9 19
3429 50 10
3430 34 29
3431 41 5
3432 9 19
3433 46 26
3434 11 8
3435 10 13
3436 7 28
3437 34 5
3438 29 26
3439 26 29
3440 14 27
3441 2 4
3442 29 24
3443 24 0
3444 3 7
3445 35 20
3446 26 29
3447 38 14
3448 12 9
3449 13 0
3450 1 17
3451 43 25
3452 0 17
3453 44 18
3454 9 13
3455 3 14
3456 31 18
3457 20 23
3458 14 22
3459 7 30
3460 7 22
3461 34 8
3462 35 2
3463 49 17
3464 26 17
3465 40 22
3466 20 8
3467 27 17
3468 9 7
3469 21 27
3470 12 24
3471 39 7
3472 0 7
3473 39 28
3474 44 30
3475 25 29
3476 8 11
3477 19 23
3478 31 10
3479 8 13
3480 23 23
3481 13 13
3482 5 14
3483 15 27
3484 42 11
3485 40 8
3486 33 15
3487 13 1
3488 44 26
3489 0 2
3490 20 24
3491 33 2
3492 34 24
3493 30 12
3494 46 3
3495 1 10
3496 48 9
3497 2 18
3498 36 24
3499 32 9
3500 39 26
3501 29 11
3502 46 11
3503 34 24
3504 2 6
3505 46 8
3506 33 11
3507 30 22
3508 49 8
3509 18 29
3510 2 4
3511 35 12
3512 27 18
3513 48 23
3514 19 17
3515 18 1
3516 41 5
3517 22 17
3518 39 20
3519 28 9
3520 24 29
3521 44 4
3522 23 1
3523 29 6
3524 45 23
3525 0 15
3526 24 9
3527 39 19
3528 31 17
3529 49 26
3530 19 24
3531 10 1
3532 21 18
3533 49 6
3534 5 6
3535 32 17
3536 8 29
3537 42 21
3538 6 27
3539 18 5
3540 29 30
3541 17 11
3542 46 4
3543 50 27
3544 44 7
3545 1 27
3546 7 30
3547 30 17
3548 36 23
3549 19 0
3550 23 14
3551 49 24
3552 45 23
3553 20 0
3554 44 8
3555 9 14
3556 16 10
3557 3 27
3558 37 9
3559 47 11
3560 46 17
3561 25 28
3562 43 14
3563 28 22
3564 0 11
3565 12 29
3566 35 19
3567 7 12
3568 10 2
3569 12 2
3570 29 26
3571 5 24
3572 12 11
3573 32 1
3574 45 19
3575 9 23
3576 33 3
3577 16 10
3578 42 6
3579 13 27
3580 33 10
3581 9 6
3582 12 29
3583 38 21
3584 10 5
3585 38 10
3586 12 6
3587 47 14
3588 28 6
3589 40 5
3590 48 6
3591 36 21
3592 40 3
3593 13 20
3594 43 25
3595 11 16
3596 18 28
3597 15 0
3598 33 4
3599 23 6
3600 22 2
3601 29 20
3602 19 4
3603 40 14
3604 37 5
3605 16 27
3606 23 11
3607 0 13
3608 44 29
3609 33 25
3610 27 30
3611 35 19
3612 0 14
3613 0 27
3614 16 8
3615 50 23
3616 22 12
3617 10 22
3618 38 21
3619 7 25
3620 15 29
3621 11 19
3622 49 29
3623 29 1
3624 4 11
3625 20 19
3626 12 21
3627 40 8
3628 23 27
3629 36 15
3630 47 14
3631 0 18
3632 6 24
3633 22 23
3634 2 9
3635 23 17
3636 47 16
3637 37 11
3638 48 11
3639 18 17
3640 45 25
3641 37 16
3642 10 16
3643 50 3
3644 36 14
3645 27 29
3646 30 20
3647 50 20
3648 31 29
3649 4 23
3650 0 7
3651 0 8
3652 31 22
3653 21 10
3654 0 29
3655 0 16
3656 30 3
3657 7 5
3658 24 15
3659 17 9
3660 20 4
3661 47 17
3662 29 20
3663 37 22
3664 2 12
3665 14 28
3666 19 5
3667 29 4
3668 17 28
3669 26 19
3670 44 29
3671 9 13
3672 17 28
3673 46 6
3674 14 26
3675 27 0
3676 39 24
3677 38 18
3678 24 28
3679 13 8
3680 50 20
3681 27 10
3682 38 22
3683 21 9
3684 19 30
3685 3 20
3686 30 18
3687 15 13
3688 7 13
3689 10 4
3690 15 24
3691 33 9
3692 23 20
3693 37 8
3694 40 24
3695 34 15
3696 28 24
3697 47 28
3698 42 30
3699 3 15
3700 27 28
3701 33 15
3702 7 15
3703 38 6
3704 40 26
3705 36 2
3706 0 16
3707 23 14
3708 33 13
3709 28 22
3710 24 1
3711 11 2
3712 32 28
3713 12 11
3714 12 25
3715 50 6
3716 30 12
3717 41 9
3718 42 7
3719 17 9
3720 27 12
3721 45 22
3722 11 29
3723 40 10
3724 48 27
3725 9 20
3726 5 12
3727 5 20
3728 50 2
3729 5 4
3730 9 26
3731 47 12
3732 5 2
3733 46 14
3734 7 10
3735 16 12
3736 38 12
3737 30 29
3738 2 25
3739 37 4
3740 30 6
3741 26 15
3742 6 0
3743 43 1
3744 10 30
3745 41 6
3746 21 19
3747 24 6
3748 15 19
3749 44 2
3750 16 14
3751 43 24
3752 26 13
3753 3 26
3754 47 2
3755 31 4
3756 38 4
3757 22 7
3758 24 29
3759 1 0
3760 9 13
3761 44 30
3762 29 18
3763 13 21
3764 39 6
3765 45 22
3766 4 27
3767 27 25
3768 43 24
3769 2 18
3770 15 6
3771 29 1
3772 19 6
3773 45 17
3774 42 10
3775 48 26
3776 47 28
3777 23 9
3778 42 23
3779 0 29
3780 27 14
3781 11 26
3782 22 13
3783 8 7
3784 46 27
3785 27 17
3786 24 3
3787 42 27
3788 0 14
3789 41 24
3790 41 3
3791 26 18
3792 29 27
3793 29 28
3794 43 7
3795 45 14
3796 9 0
3797 49 30
3798 13 12
3799 43 28
3800 34 10
3801 29 26
3802 23 18
3803 31 18
3804 47 18
3805 20 10
3806 26 10
3807 33 12
3808 41 15
3809 25 3
3810 26 12
3811 42 30
3812 27 16
3813 26 25
3814 43 6
3815 32 17
3816 6 13
3817 11 4
3818 5 18
3819 24 3
3820 41 9
3821 3 17
3822 49 9
3823 29 1
3824 30 4
3825 31 4
3826 36 11
3827 14 19
3828 28 24
3829 19 7
3830 3 1
3831 32 24
3832 25 24
3833 36 25
3834 47 5
3835 33 11
3836 2 9
3837 24 4
3838 18 24
3839 28 6
3840 1 13
3841 6 17
3842 19 16
3843 48 30
3844 7 3
3845 37 15
3846 10 19
3847 36 19
3848 34 27
3849 46 7
3850 31 24
3851 42 30
3852 8 22
3853 30 15
3854 8 1
3855 48 10
3856 27 30
3857 4 29
3858 48 21
3859 29 20
3860 13 16
3861 41 17
3862 32 14
3863 21 8
3864 21 16
3865 46 11
3866 8 8
3867 12 4
3868 17 9
3869 9 1
3870 18 14
3871 36 26
3872 39 19
3873 49 24
3874 4 11
3875 10 26
3876 24 4
3877 16 25
3878 24 3
3879 50 21
3880 9 20
3881 36 3
3882 43 23
3883 11 17
3884 37 23
3885 30 9
3886 22 18
3887 1 22
3888 48 30
3889 4 19
3890 2 0
3891 35 6
3892 47 8
3893 33 0
3894 12 26
3895 31 10
3896 40 27
3897 25 6
3898 33 26
3899 12 26
3900 24 19
3901 24 14
3902 28 14
3903 14 15
3904 11 7
3905 45 13
3906 19 26
3907 1 12
3908 25 12
3909 46 18
3910 14 15
3911 34 8
3912 14 23
3913 15 6
3914 44 24
3915 15 0
3916 29 10
3917 46 15
3918 13 1
3919 20 16
3920 23 29
3921 1 10
3922 50 2
3923 7 11
3924 28 27
3925 19 3
3926 25 23
3927 33 10
3928 44 19
3929 44 26
3930 40 30
3931 46 22
3932 41 3
3933 16 2
3934 9 11
3935 44 1
3936 39 10
3937 48 4
3938 15 21
3939 7 27
3940 30 11
3941 24 24
3942 25 27
3943 48 2
3944 24 8
3945 0 27
3946 9 20
3947 9 25
3948 47 23
3949 50 9
3950 25 3
3951 24 30
3952 19 18
3953 12 16
3954 23 17
3955 30 4
3956 29 9
3957 2 9
3958 19 5
3959 24 30
3960 6 12
3961 23 21
3962 0 12
3963 16 25
3964 32 15
3965 6 13
3966 10 11
3967 30 4
3968 8 7
3969 6 30
3970 15 13
3971 23 30
3972 40 16
3973 26 29
3974 34 8
3975 16 2
3976 43 25
3977 22 7
3978 13 13
3979 31 23
3980 13 28
3981 7 29
3982 1 24
3983 2 29
3984 17 18
3985 50 15
3986 48 11
3987 19 5
3988 3 0
3989 16 0
3990 44 6
3991 0 20
3992 15 16
3993 46 10
3994 15 18
3995 47 11
3996 5 19
3997 49 21
3998 25 22
3999 46 26
4000 18 6
4001 47 6
4002 14 20
4003 37 27
4004 17 4
4005 44 6
4006 33 9
4007 22 26
4008 31 3
4009 26 4
4010 24 25
4011 41 9
4012 39 21
4013 2 17
4014 35 30
4015 45 30
4016 1 25
4017 5 13
4018 2 30
4019 39 14
4020 50 29
4021 16 28
4022 7 19
4023 48 11
4024 18 12
4025 50 6
4026 34 15
4027 6 30
4028 23 25
4029 14 6
4030 4 5
4031 4 3
4032 42 1
4033 10 22
4034 23 25
4035 49 10
4036 41 11
4037 29 5
4038 37 15
4039 28 6
4040 29 18
4041 43 23
4042 1 14
4043 15 9
4044 28 27
4045 43 14
4046 49 18
4047 2 30
4048 11 30
4049 11 24
4050 1 22
4051 7 15
4052 38 18
4053 17 7
4054 33 20
4055 50 29
4056 22 29
4057 9 5
4058 44 8
4059 0 25
4060 20 18
4061 18 8
4062 48 4
4063 14 23
4064 27 21
4065 44 0
4066 28 6
4067 13 23
4068 34 10
4069 34 18
4070 31 21
4071 13 16
4072 25 2
4073 3 23
4074 6 4
4075 27 21
4076 10 3
4077 27 22
4078 30 1
4079 26 22
4080 46 11
4081 33 3
4082 29 12
4083 41 12
4084 28 28
4085 14 16
4086 14 24
4087 5 26
4088 34 18
4089 2 8
4090 30 5
4091 12 5
4092 6 29
4093 49 13
4094 50 24
4095 28 28
4096 28 24
4097 49 7
4098 38 16
4099 44 8
4100 46 7
4101 35 27
4102 20 28
4103 45 3
4104 2 23
4105 40 9
4106 12 4
4107 39 4
4108 28 1
4109 9 4
4110 7 20
4111 25 25
4112 28 25
4113 21 22
4114 5 22
4115 19 17
4116 12 17
4117 29 8
4118 36 20
4119 49 1
4120 31 28
4121 9 2
4122 37 22
4123 1 17
4124 13 30
4125 26 14
4126 9 26
4127 14 2
4128 11 27
4129 22 21
4130 21 12
4131 30 17
4132 25 30
4133 14 11
4134 17 13
4135 18 27
4136 45 25
4137 11 7
4138 35 7
4139 31 15
4140 35 13
4141 41 11
4142 32 17
4143 48 12
4144 17 17
4145 4 21
4146 22 28
4147 4 1
4148 26 11
4149 23 25
4150 32 16
4151 3 3
4152 18 27
4153 42 19
4154 39 16
4155 32 0
4156 22 5
4157 12 23
4158 42 0
4159 23 1
4160 46 2
4161 33 24
4162 39 25
4163 11 17
4164 5 24
4165 36 22
4166 15 29
4167 15 9
4168 26 0
4169 44 15
4170 39 22
4171 27 17
4172 38 27
4173 2 14
4174 11 6
4175 42 9
4176 8 8
4177 10 24
4178 26 4
4179 15 6
4180 34 8
4181 41 0
4182 38 23
4183 6 18
4184 45 6
4185 8 1
4186 17 25
4187 49 29
4188 32 15
4189 28 28
4190 37 22
4191 30 9
4192 44 24
4193 20 24
4194 14 3
4195 30 3
4196 0 23
4197 12 21
4198 0 6
4199 33 27
4200 27 13
4201 48 27
4202 27 3
4203 43 28
4204 7 12
4205 8 4
4206 10 16
4207 37 17
4208 19 11
4209 32 2
4210 50 7
4211 28 16
4212 12 10
4213 12 6
4214 37 26
4215 7 16
4216 29 9
4217 0 6
4218 16 25
4219 1 29
4220 5 13
4221 11 16
4222 25 3
4223 32 27
4224 1 14
4225 17 2
4226 3 3
4227 4 27
4228 13 27
4229 44 5
4230 32 0
4231 13 26
4232 8 2
4233 36 20
4234 38 17
4235 6 27
4236 27 12
4237 39 19
4238 29 19
4239 6 9
4240 34 6
4241 45 2
4242 45 15
4243 45 4
4244 28 0
4245 45 24
4246 48 0
4247 41 19
4248 6 12
4249 28 25
4250 48 30
4251 17 0
4252 3 1
4253 45 15
4254 11 27
4255 35 26
4256 43 0
4257 6 5
4258 35 5
4259 8 6
4260 46 28
4261 50 20
4262 50 28
4263 34 2
4264 30 28
4265 14 22
4266 44 27
4267 18 7
4268 28 24
4269 30 27
4270 37 20
4271 44 17
4272 45 22
4273 26 6
4274 36 17
4275 40 22
4276 31 3
4277 36 28
4278 36 1
4279 13 11
4280 32 16
4281 30 10
4282 34 17
4283 32 17
4284 11 4
4285 3 15
4286 37 28
4287 18 15
4288 49 21
4289 11 8
4290 14 9
4291 12 27
4292 14 25
4293 20 21
4294 27 24
4295 34 29
4296 28 20
4297 17 29
4298 37 6
4299 19 14
4300 21 4
4301 22 12
4302 34 21
4303 39 2
4304 15 14
4305 24 25
4306 27 9
4307 13 15
4308 42 13
4309 26 15
4310 11 13
4311 38 6
4312 49 17
4313 5 10
4314 33 10
4315 40 10
4316 27 26
4317 27 29
4318 31 10
4319 27 29
4320 49 25
4321 18 10
4322 29 18
4323 25 4
4324 40 28
4325 15 7
4326 38 29
4327 21 20
4328 22 14
4329 37 19
4330 41 3
4331 26 13
4332 40 0
4333 9 10
4334 15 17
4335 46 19
4336 35 5
4337 11 6
4338 37 6
4339 3 25
4340 15 25
4341 11 12
4342 29 22
4343 31 25
4344 9 13
4345 14 10
4346 14 12
4347 1 29
4348 16 22
4349 18 5
4350 50 25
4351 30 30
4352 43 5
4353 27 23
4354 13 12
4355 35 2
4356 10 23
4357 8 17
4358 29 12
4359 48 15
4360 43 10
4361 36 30
4362 40 21
4363 50 25
4364 1 15
4365 27 4
4366 11 16
4367 15 27
4368 0 22
4369 42 7
4370 4 22
4371 18 6
4372 20 24
4373 44 8
4374 18 18
4375 50 13
4376 18 29
4377 8 29
4378 8 10
4379 28 12
4380 40 10
4381 36 29
4382 49 21
4383 50 9
4384 1 12
4385 44 28
4386 35 0
4387 2 2
4388 35 28
4389 25 17
4390 19 12
4391 38 17
4392 34 4
4393 41 1
4394 25 27
4395 20 0
4396 28 27
4397 32 28
4398 40 23
4399 38 10
4400 21 13
4401 43 2
4402 35 13
4403 9 7
4404 39 29
4405 32 6
4406 38 15
4407 38 8
4408 40 3
4409 1 1
4410 48 10
4411 46 13
4412 44 17
4413 38 27
4414 17 25
4415 2 9
4416 17 8
4417 5 22
4418 4 3
4419 49 1
4420 0 24
4421 33 29
4422 30 27
4423 25 14
4424 37 16
4425 46 20
4426 10 9
4427 45 5
4428 32 7
4429 23 24
4430 31 30
4431 11 25
4432 38 6
4433 2 9
4434 31 3
4435 25 23
4436 44 18
4437 50 20
4438 24 30
4439 43 8
4440 25 30
4441 30 4
4442 31 9
4443 21 21
4444 6 4
4445 0 11
4446 1 20
4447 10 27
4448 36 12
4449 4 10
4450 8 3
4451 28 23
4452 34 8
4453 37 5
4454 24 28
4455 1 24
4456 23 14
4457 35 11
4458 20 3
4459 31 22
4460 47 17
4461 8 18
4462 35 13
4463 37 21
4464 11 29
4465 48 13
4466 24 14
4467 7 29
4468 47 19
4469 8 24
4470 32 19
4471 5 25
4472 7 18
4473 2 11
4474 8 2
4475 33 22
4476 4 23
4477 34 19
4478 14 15
4479 45 2
4480 39 14
4481 40 6
4482 37 23
4483 9 20
4484 10 3
4485 38 0
4486 29 28
4487 8 19
4488 16 2
4489 11 4
4490 45 13
4491 16 24
4492 39 30
4493 15 29
4494 20 30
4495 29 29
4496 39 3
4497 41 27
4498 25 1
4499 36 10
4500 35 12
4501 33 17
4502 47 28
4503 20 15
4504 31 30
4505 45 1
4506 16 4
4507 37 27
4508 1 26
4509 10 3
4510 18 8
4511 34 23
4512 48 4
4513 41 20
4514 7 10
4515 6 2
4516 49 23
4517 35 26
4518 16 0
4519 0 13
4520 41 15
4521 42 11
4522 47 10
4523 9 17
4524 23 6
4525 1 29
4526 50 15
4527 42 27
4528 49 29
4529 34 26
4530 15 8
4531 38 22
4532 46 7
4533 43 26
4534 41 20
4535 13 4
4536 26 16
4537 29 23
4538 14 0
4539 25 22
4540 36 18
4541 18 12
4542 28 15
4543 4 17
4544 8 25
4545 2 24
4546 6 8
4547 5 22
4548 24 21
4549 36 2
4550 29 24
4551 18 20
4552 32 1
4553 18 5
4554 47 18
4555 40 28
4556 31 14
4557 17 25
4558 6 17
4559 13 11
4560 26 14
4561 2 18
4562 34 22
4563 40 18
4564 1 19
4565 38 26
4566 9 22
4567 32 29
4568 49 14
4569 20 27
4570 13 24
4571 4 25
4572 23 20
4573 33 10
4574 3 23
4575 36 3
4576 49 11
4577 16 13
4578 34 24
4579 45 26
4580 47 30
4581 37 5
4582 39 10
4583 17 18
4584 0 30
4585 40 6
4586 34 16
4587 49 3
4588 24 18
4589 25 11
4590 35 15
4591 7 16
4592 10 7
4593 5 3
4594 48 26
4595 35 22
4596 21 25
4597 42 6
4598 0 29
4599 48 5
4600 18 12
4601 32 18
4602 35 23
4603 31 28
4604 41 27
4605 38 16
4606 31 14
4607 5 16
4608 28 6
4609 16 30
4610 7 10
4611 26 14
4612 18 26
4613 24 7
4614 10 23
4615 47 17
4616 44 12
4617 37 29
4618 47 15
4619 31 23
4620 8 7
4621 47 28
4622 18 20
4623 34 22
4624 42 7
4625 31 14
4626 3 11
4627 2 23
4628 26 20
4629 33 22
4630 7 19
4631 38 20
4632 21 24
4633 23 29
4634 23 10
4635 40 19
4636 16 12
4637 31 18
4638 25 20
4639 40 17
4640 40 25
4641 33 26
4642 18 28
4643 40 13
4644 32 14
4645 13 21
4646 29 12
4647 23 1
4648 35 13
4649 26 8
4650 33 26
4651 27 11
4652 10 5
4653 39 10
4654 39 6
4655 45 26
4656 16 20
4657 46 22
4658 38 4
4659 42 24
4660 23 23
4661 34 2
4662 40 4
4663 34 26
4664 4 7
4665 46 0
4666 10 18
4667 35 10
4668 32 16
4669 8 24
4670 18 24
4671 1 8
4672 48 20
4673 23 10
4674 20 2
4675 10 15
4676 13 11
4677 41 19
4678 10 16
4679 41 27
4680 44 15
4681 15 15
4682 17 24
4683 21 27
4684 35 24
4685 11 13
4686 50 4
4687 35 20
4688 14 23
4689 48 14
4690 4 11
4691 35 3
4692 45 19
4693 34 21
4694 15 27
4695 9 4
4696 3 13
4697 31 22
4698 4 18
4699 33 2
4700 1 30
4701 6 19
4702 1 10
4703 40 5
4704 18 21
4705 33 19
4706 31 30
4707 35 3
4708 39 3
4709 32 13
4710 45 24
4711 46 4
4712 50 7
4713 28 29
4714 48 20
4715 1 2
4716 32 21
4717 31 26
4718 36 3
4719 24 28
4720 38 22
4721 41 25
4722 20 20
4723 45 7
4724 22 8
4725 8 27
4726 24 6
4727 6 12
4728 47 25
4729 32 1
4730 31 7
4731 17 12
4732 23 30
4733 0 19
4734 36 15
4735 7 27
4736 5 0
4737 23 21
4738 32 22
4739 13 22
4740 21 11
4741 34 3
4742 21 27
4743 32 7
4744 33 9
4745 21 9
4746 35 4
4747 40 11
4748 13 28
4749 31 5
4750 1 1
4751 1 0
4752 24 1
4753 8 11
4754 27 12
4755 1 20
4756 24 22
4757 35 6
4758 44 5
4759 16 22
4760 29 14
4761 34 6
4762 38 25
4763 44 27
4764 16 8
4765 42 4
4766 5 25
4767 20 22
4768 4 3
4769 47 15
4770 43 16
4771 48 28
4772 34 5
4773 35 14
4774 28 5
4775 45 22
4776 9 13
4777 26 25
4778 43 24
4779 10 23
4780 2 15
4781 44 27
4782 40 6
4783 26 1
4784 2 22
4785 14 15
4786 4 24
4787 40 13
4788 23 28
4789 1 1
4790 3 3
4791 30 24
4792 15 4
4793 5 27
4794 7 2
4795 3 30
4796 26 15
4797 39 17
4798 45 20
4799 27 8
4800 44 21
4801 21 13
4802 41 17
4803 36 14
4804 42 20
4805 20 6
4806 41 26
4807 10 8
4808 37 28
4809 27 11
4810 43 19
4811 20 12
4812 11 25
4813 47 22
4814 12 26
4815 28 1
4816 42 0
4817 31 2
4818 16 27
4819 43 5
4820 17 4
4821 21 26
4822 20 13
4823 12 4
4824 22 5
4825 21 6
4826 11 6
4827 1 28
4828 37 4
4829 38 9
4830 14 0
4831 43 1
4832 3 0
4833 42 20
4834 25 11
4835 41 5
4836 33 16
4837 8 8
4838 26 21
4839 33 12
4840 9 4
4841 24 16
4842 28 22
4843 8 12
4844 49 10
4845 37 15
4846 12 3
4847 30 9
4848 37 14
4849 35 29
4850 33 25
4851 26 18
4852 1 24
4853 30 5
4854 19 2
4855 38 0
4856 11 12
4857 25 25
4858 16 10
4859 41 19
4860 25 0
4861 44 24
4862 29 24
4863 14 12
4864 31 13
4865 2 10
4866 44 12
4867 40 0
4868 24 6
4869 50 12
4870 28 26
4871 36 10
4872 9 22
4873 9 24
4874 18 6
4875 13 19
4876 40 8
4877 43 25
4878 34 5
4879 4 3
4880 29 25
4881 22 23
4882 26 10
4883 38 8
4884 45 19
4885 7 4
4886 30 9
4887 38 10
4888 18 12
4889 0 4
4890 43 22
4891 43 7
4892 21 3
4893 35 1
4894 47 17
4895 26 17
4896 10 14
4897 50 23
4898 26 11
4899 10 10
4900 13 12
4901 49 6
4902 19 28
4903 35 14
4904 25 9
4905 5 18
4906 25 20
4907 13 25
4908 15 20
4909 43 24
4910 2 16
4911 1 8
4912 35 4
4913 30 23
4914 32 27
4915 8 23
4916 37 12
4917 32 8
4918 6 13
4919 17 5
4920 32 2
4921 32 28
4922 6 1
4923 50 3
4924 24 13
4925 40 1
4926 36 1
4927 3 22
4928 45 10
4929 32 6
4930 16 28
4931 50 15
4932 37 5
4933 33 22
4934 31 23
4935 27 5
4936 39 30
4937 5 10
4938 46 20
4939 32 21
4940 22 27
4941 20 30
4942 41 24
4943 10 29
4944 14 2
4945 39 29
4946 12 2
4947 37 6
4948 7 0
4949 27 22
4950 26 21
4951 17 10
4952 28 15
4953 9 9
4954 8 1
4955 15 8
4956 48 0
4957 44 17
4958 26 12
4959 17 18
4960 10 10
4961 1 17
4962 3 3
4963 3 26
4964 4 16
4965 9 24
4966 8 3
4967 6 28
4968 24 24
4969 8 27
4970 37 13
4971 35 22
4972 18 9
4973 30 25
4974 16 12
4975 25 15
4976 21 14
4977 19 15
4978 20 15
4979 8 23
4980 44 24
4981 27 27
4982 18 14
4983 25 26
4984 8 16
4985 33 27
4986 43 17
4987 1 7
4988 34 22
4989 33 28
4990 47 3
4991 33 4
4992 48 7
4993 34 6
4994 2 7
4995 9 30
4996 30 27
4997 49 27
4998 17 25
4999 24 27
