500
0 22 21
1 45 29
2 2 21
3 47 11
4 35 25
5 33 25
6 25 24
7 44 23
8 47 7
9 1 10
10 34 1
11 7 5
12 34 22
13 29 25
14 45 28
15 48 19
16 22 16
17 23 14
18 48 20
19 23 21
20 34 13
21 38 26
22 2 3
23 46 9
24 44 0
25 28 15
26 16 23
27 5 13
28 22 7
29 12 6
30 48 24
31 34 13
32 38 6
33 3 12
34 28 3
35 39 23
36 28 18
37 38 28
38 40 17
39 17 18
40 9 20
41 30 0
42 30 29
43 19 26
44 22 24
45 27 8
46 27 20
47 5 27
48 47 16
49 0 3
50 20 7
51 37 26
52 38 30
53 38 10
54 23 4
55 33 5
56 5 4
57 3 5
58 45 26
59 21 28
60 19 5
61 21 7
62 18 14
63 3 28
64 11 15
65 41 20
66 23 25
67 20 23
68 36 18
69 47 13
70 35 3
71 22 26
72 9 12
73 7 1
74 30 28
75 46 17
76 42 17
77 6 13
78 29 15
79 49 20
80 29 0
81 9 4
82 0 25
83 45 13
84 4 5
85 35 20
86 33 15
87 34 10
88 18 27
89 18 28
90 6 16
91 40 1
92 41 29
93 25 4
94 12 29
95 16 13
96 38 0
97 49 14
98 21 11
99 13 10
100 27 19
101 14 23
102 34 2
103 11 16
104 7 20
105 1 25
106 32 7
107 1 19
108 2 8
109 26 3
110 38 21
111 2 4
112 22 12
113 6 21
114 24 11
115 40 1
116 1 13
117 34 12
118 35 12
119 20 2
120 50 17
121 20 10
122 17 10
123 31 9
124 44 29
125 50 7
126 41 14
127 13 13
128 38 3
129 11 21
130 0 30
131 18 3
132 40 9
133 4 16
134 1 12
135 9 28
136 18 9
137 9 26
138 32 24
139 29 13
140 13 3
141 15 28
142 20 7
143 9 17
144 36 4
145 45 24
146 31 21
147 20 6
148 48 10
149 6 2
150 19 8
151 2 30
152 38 25
153 45 5
154 10 15
155 2 19
156 41 22
157 39 17
158 28 1
159 21 19
160 26 25
161 27 21
162 20 3
163 19 15
164 1 5
165 2 2
166 17 1
167 14 21
168 48 30
169 22 4
170 15 22
171 27 26
172 4 10
173 30 0
174 17 20
175 38 21
176 50 1
177 5 22
178 42 22
179 32 6
180 37 15
181 18 16
182 33 19
183 2 1
184 14 29
185 14 30
186 36 23
187 4 18
188 35 17
189 20 9
190 25 28
191 45 14
192 17 0
193 50 24
194 18 18
195 2 7
196 15 20
197 12 16
198 43 12
199 49 2
200 6 13
201 5 22
202 2 19
203 1 13
204 24 28
205 48 0
206 3 23
207 47 12
208 50 20
209 49 16
210 45 7
211 33 8
212 37 6
213 7 30
214 41 5
215 17 30
216 2 25
217 47 1
218 48 27
219 30 4
220 46 10
221 1 11
222 9 30
223 29 19
224 34 11
225 8 19
226 41 11
227 48 17
228 28 13
229 9 10
230 23 15
231 9 29
232 23 20
233 40 6
234 26 22
235 45 22
236 40 17
237 48 14
238 30 6
239 27 25
240 47 25
241 49 20
242 33 19
243 25 9
244 43 14
245 50 9
246 27 17
247 22 24
248 6 11
249 31 22
250 41 26
251 47 13
252 25 24
253 21 16
254 33 27
255 14 7
256 6 25
257 9 24
258 28 21
259 28 18
260 45 27
261 10 4
262 18 5
263 29 18
264 29 5
265 40 15
266 21 9
267 15 29
268 2 22
269 48 24
270 1 12
271 43 12
272 20 9
273 14 15
274 16 15
275 4 5
276 49 9
277 49 27
278 49 12
279 15 26
280 23 17
281 10 8
282 46 16
283 22 17
284 9 24
285 36 10
286 8 8
287 42 22
288 47 17
289 18 15
290 17 17
291 40 19
292 27 2
293 5 18
294 35 18
295 21 6
296 0 1
297 36 8
298 35 11
299 12 6
300 10 26
301 6 4
302 8 26
303 18 29
304 21 28
305 32 6
306 13 8
307 4 20
308 30 16
309 5 22
310 27 0
311 35 15
312 38 26
313 13 30
314 0 4
315 2 26
316 20 8
317 35 4
318 5 20
319 1 14
320 5 0
321 9 10
322 49 2
323 33 18
324 1 16
325 33 30
326 38 18
327 34 12
328 1 3
329 19 29
330 40 6
331 7 13
332 6 7
333 44 29
334 27 16
335 35 16
336 9 20
337 11 10
338 12 3
339 17 26
340 46 8
341 26 11
342 10 1
343 13 0
344 4 20
345 18 13
346 21 23
347 15 25
348 4 25
349 28 29
350 34 19
351 27 27
352 8 29
353 23 27
354 45 9
355 34 3
356 35 26
357 0 3
358 14 9
359 10 1
360 25 3
361 42 9
362 39 19
363 2 27
364 28 23
365 5 6
366 12 2
367 15 22
368 0 23
369 42 24
370 3 23
371 18 27
372 1 23
373 48 28
374 22 17
375 19 22
376 27 29
377 28 9
378 30 12
379 22 5
380 34 6
381 46 12
382 49 2
383 43 30
384 39 25
385 40 19
386 42 21
387 36 0
388 35 13
389 28 12
390 14 7
391 36 28
392 28 0
393 37 26
394 33 7
395 5 25
396 25 10
397 48 14
398 1 20
399 7 25
400 14 11
401 8 3
402 21 1
403 30 19
404 30 15
405 29 21
406 12 22
407 20 30
408 6 19
409 14 8
410 39 2
411 5 27
412 2 11
413 22 24
414 42 16
415 28 12
416 34 27
417 29 13
418 0 7
419 30 22
420 48 1
421 42 17
422 7 25
423 42 10
424 42 4
425 4 11
426 20 6
427 19 15
428 47 5
429 48 11
430 10 10
431 25 10
432 24 10
433 0 2
434 18 17
435 1 25
436 45 20
437 1 9
438 44 5
439 29 17
440 7 30
441 33 25
442 48 14
443 13 9
444 3 10
445 29 28
446 29 16
447 3 16
448 26 6
449 7 29
450 2 18
451 2 24
452 2 30
453 20 22
454 37 21
455 40 29
456 4 7
457 26 9
458 39 11
459 17 22
460 2 3
461 35 23
462 15 9
463 3 12
464 7 1
465 32 25
466 22 18
467 43 23
468 40 0
469 20 2
470 29 25
471 41 27
472 22 19
473 8 8
474 34 4
475 45 26
476 39 28
477 39 18
478 33 29
479 40 5
480 50 4
481 5 1
482 9 29
483 48 16
484 11 11
485 40 1
486 30 29
487 44 19
488 25 9
489 35 5
490 18 7
491 39 29
492 4 29
493 6 10
494 39 13
495 2 7
496 6 7
497 39 29
498 42 25
499 2 30
